numero,t,HDD1,HDD2,G1,G2,P1,P2,C,#
0,23,2.51,0,18.02,0,4.07,0,0#
0,25,1.68,0,17.77,0,5.23,0,0#
0,28,4.18,0,20.21,0,6.39,0,0#
0,31,2.18,0,17.16,0,6.39,0,0#
0,34,3.52,0,19.60,0,6.39,0,0#
0,37,3.34,0,17.52,0,8.13,0,0#
0,40,3.85,0,18.38,0,4.65,0,0#
0,43,3.02,0,16.76,0,4.65,0,0#
0,47,4.00,0,18.38,0,5.81,0,0#
0,49,3.60,0,18.02,0,6.39,0,0#
0,52,3.93,0,18.28,0,5.81,0,0#
0,55,4.25,0,16.66,0,5.23,0,0#
0,58,3.60,0,18.38,0,7.55,0,0#
0,61,2.51,0,18.99,0,5.81,0,0#
0,64,4.25,0,18.63,0,4.07,0,0#
0,67,3.67,0,17.63,0,3.49,0,0#
0,72,3.09,0,18.13,0,4.65,0,0#
0,75,4.18,0,17.41,0,7.55,0,0#
0,78,3.85,0,18.13,0,5.81,0,0#
0,81,1.68,0,18.13,0,5.81,0,0#
0,84,3.34,0,17.77,0,5.23,0,0#
0,86,2.84,0,20.72,0,6.97,0,0#
0,90,3.93,0,19.24,0,6.39,0,0#
0,93,2.26,0,19.50,0,4.07,0,0#
0,96,2.76,0,17.77,0,5.81,0,0#
0,99,2.43,0,15.69,0,3.49,0,0#
0,102,2.26,0,16.91,0,3.49,0,0#
0,105,3.67,0,18.89,0,6.39,0,0#
0,107,3.60,0,18.99,0,5.23,0,0#
0,110,2.43,0,18.63,0,5.81,0,0#
0,113,1.93,0,19.86,0,6.97,0,0#
0,116,3.85,0,17.92,0,6.39,0,0#
0,121,2.76,0,18.74,0,5.81,0,0#
0,124,3.34,0,19.24,0,4.65,0,0#
0,127,3.67,0,16.91,0,8.13,0,0#
0,131,3.42,0,19.24,0,5.23,0,0#
0,134,2.51,0,18.99,0,6.39,0,0#
0,137,5.59,0,16.80,0,6.39,0,0#
0,140,1.43,0,18.78,0,4.65,0,0#
0,143,1.68,0,18.74,0,5.23,0,0#
0,146,3.85,0,19.39,0,5.81,0,0#
0,149,3.67,0,18.53,0,4.65,0,0#
0,151,2.76,0,17.31,0,5.81,0,0#
0,154,2.76,0,18.28,0,5.81,0,0#
0,157,2.84,0,19.24,0,5.81,0,0#
0,160,3.85,0,18.99,0,4.07,0,0#
0,163,2.51,0,17.41,0,4.65,0,0#
0,166,3.67,0,16.66,0,6.39,0,0#
0,171,1.93,0,15.79,0,5.81,0,0#
0,175,2.51,0,18.89,0,8.13,0,0#
0,178,4.43,0,18.13,0,5.23,0,0#
0,181,4.51,0,16.91,0,3.49,0,0#
0,184,3.17,0,19.60,0,4.65,0,0#
0,187,1.93,0,18.02,0,4.65,0,0#
0,190,3.67,0,19.14,0,6.39,0,0#
0,193,2.76,0,17.77,0,5.81,0,0#
0,195,3.02,0,17.88,0,4.07,0,0#
0,198,3.02,0,18.02,0,5.23,0,0#
0,201,4.25,0,16.91,0,5.81,0,0#
0,204,4.58,0,18.74,0,4.65,0,0#
0,207,3.52,0,18.38,0,5.81,0,0#
0,210,3.50,0,17.16,0,6.39,0,0#
0,213,3.67,0,20.47,0,4.07,0,0#
0,217,2.18,0,16.30,0,4.07,0,0#
0,222,3.67,0,17.67,0,6.39,0,0#
0,225,3.60,0,16.55,0,4.07,0,0#
0,228,3.67,0,17.77,0,4.07,0,0#
0,231,3.34,0,17.52,0,5.23,0,0#
0,234,2.01,0,18.28,0,4.65,0,0#
0,236,3.42,0,18.13,0,4.07,0,0#
0,239,2.69,0,18.02,0,6.39,0,0#
0,242,4.18,0,19.86,0,4.07,0,0#
0,245,2.51,0,18.74,0,5.81,0,0#
0,248,4.18,0,17.77,0,5.23,0,0#
0,251,4.51,0,18.49,0,5.81,0,0#
0,254,3.67,0,16.40,0,5.23,0,0#
0,257,2.84,0,17.77,0,5.23,0,0#
0,261,3.34,0,18.13,0,3.49,0,0#
0,263,3.02,0,17.16,0,6.39,0,0#
0,266,3.09,0,18.38,0,3.49,0,0#
0,272,2.76,0,17.52,0,5.23,0,0#
0,275,2.76,0,17.41,0,4.65,0,0#
0,277,3.34,0,16.66,0,5.23,0,0#
0,280,2.59,0,18.89,0,5.81,0,0#
0,283,4.83,0,18.49,0,4.07,0,0#
0,286,2.76,0,19.03,0,4.65,0,0#
0,289,4.68,0,16.66,0,6.97,0,0#
0,292,4.18,0,17.41,0,6.97,0,0#
0,295,1.68,0,18.63,0,4.07,0,0#
0,298,3.02,0,18.02,0,5.23,0,0#
0,302,1.68,0,18.13,0,4.65,0,0#
0,305,3.93,0,17.16,0,6.97,0,0#
0,307,2.84,0,18.63,0,7.55,0,0#
0,310,4.18,0,19.86,0,6.39,0,0#
0,313,3.93,0,18.74,0,4.65,0,0#
0,316,3.09,0,18.02,0,4.07,0,0#
0,321,2.26,0,18.63,0,5.23,0,0#
0,324,2.26,0,18.89,0,5.81,0,0#
0,327,2.76,0,19.50,0,6.39,0,0#
0,330,2.18,0,18.13,0,4.07,0,0#
0,333,4.68,0,17.67,0,6.97,0,0#
0,336,3.67,0,19.14,0,5.81,0,0#
0,339,2.51,0,15.08,0,5.81,0,0#
0,342,3.67,0,17.16,0,6.39,0,0#
0,346,1.43,0,15.44,0,6.39,0,0#
0,349,2.18,0,19.24,0,7.55,0,0#
0,351,4.83,0,20.11,0,5.23,0,0#
0,354,3.93,0,17.92,0,6.97,0,0#
0,357,2.76,0,17.41,0,2.91,0,0#
0,360,2.69,0,16.76,0,5.81,0,0#
0,363,1.43,0,18.02,0,6.39,0,0#
0,366,3.27,0,16.91,0,6.39,0,0#
0,371,2.26,0,16.44,0,5.81,0,0#
0,374,3.67,0,20.97,0,4.65,0,0#
0,377,3.09,0,16.91,0,6.39,0,0#
0,380,3.02,0,17.16,0,5.81,0,0#
0,383,2.84,0,18.89,0,6.39,0,0#
0,387,4.25,0,18.99,0,4.65,0,0#
0,390,3.34,0,18.49,0,4.65,0,0#
0,393,4.83,0,18.02,0,6.97,0,0#
0,395,5.84,0,18.63,0,5.81,0,0#
0,398,4.10,0,17.16,0,5.81,0,0#
0,401,2.51,0,17.41,0,5.23,0,0#
0,404,2.69,0,17.77,0,6.39,0,0#
0,407,4.10,0,18.63,0,4.07,0,0#
0,410,1.93,0,16.30,0,4.07,0,0#
0,413,2.76,0,18.99,0,5.81,0,0#
0,416,1.93,0,17.77,0,4.65,0,0#
0,421,4.18,0,18.63,0,5.81,0,0#
0,424,2.84,0,15.58,0,6.97,0,0#
0,427,2.84,0,20.47,0,6.97,0,0#
0,431,2.59,0,18.49,0,5.23,0,0#
0,433,3.09,0,17.77,0,5.81,0,0#
0,436,4.51,0,20.11,0,4.65,0,0#
0,439,2.18,0,18.02,0,6.97,0,0#
0,442,3.34,0,15.69,0,5.81,0,0#
0,445,2.26,0,20.47,0,4.65,0,0#
0,448,3.27,0,17.52,0,6.97,0,0#
0,451,2.43,0,18.28,0,6.39,0,0#
0,454,3.60,0,18.02,0,4.65,0,0#
0,457,2.84,0,17.41,0,5.23,0,0#
0,460,4.51,0,16.80,0,5.23,0,0#
0,462,3.34,0,19.39,0,4.65,0,0#
0,465,2.26,0,18.38,0,5.81,0,0#
0,471,4.51,0,21.08,0,4.65,0,0#
0,475,2.84,0,17.27,0,5.23,0,0#
0,478,3.02,0,17.41,0,6.39,0,0#
0,481,3.67,0,19.60,0,5.23,0,0#
0,484,4.18,0,18.13,0,4.65,0,0#
0,487,4.43,0,18.63,0,5.81,0,0#
0,489,3.09,0,16.91,0,6.39,0,0#
0,492,3.60,0,17.88,0,7.55,0,0#
0,495,2.76,0,19.71,0,5.23,0,0#
0,498,2.43,0,18.13,0,4.65,0,0#
0,501,4.51,0,17.77,0,4.65,0,0#
0,504,3.27,0,17.77,0,4.07,0,0#
0,507,3.60,0,18.53,0,5.23,0,0#
0,510,2.76,0,17.88,0,5.23,0,0#
0,513,2.76,0,18.99,0,5.81,0,0#
0,517,3.09,0,20.11,0,4.65,0,0#
0,522,4.18,0,16.19,0,5.81,0,0#
0,525,4.51,0,18.63,0,6.97,0,0#
0,528,2.84,0,16.80,0,2.91,0,0#
0,531,2.18,0,17.41,0,5.23,0,0#
0,534,3.09,0,18.28,0,7.55,0,0#
0,537,4.76,0,18.02,0,3.49,0,0#
0,539,3.60,0,16.76,0,6.39,0,0#
0,542,3.09,0,17.16,0,5.81,0,0#
0,545,2.59,0,20.47,0,6.39,0,0#
0,548,2.26,0,18.02,0,5.23,0,0#
0,551,4.00,0,17.52,0,6.39,0,0#
0,554,3.09,0,18.63,0,6.97,0,0#
0,558,3.09,0,19.86,0,6.39,0,0#
0,561,1.68,0,18.63,0,7.55,0,0#
0,564,4.18,0,17.27,0,6.97,0,0#
0,566,3.60,0,18.74,0,4.65,0,0#
0,572,3.67,0,18.74,0,5.23,0,0#
0,575,3.93,0,18.38,0,6.39,0,0#
0,578,3.09,0,17.77,0,4.65,0,0#
0,581,3.02,0,19.86,0,5.23,0,0#
0,584,2.18,0,19.14,0,5.23,0,0#
0,586,3.85,0,19.14,0,5.81,0,0#
0,589,3.02,0,19.50,0,6.97,0,0#
0,592,4.10,0,17.01,0,5.23,0,0#
0,595,3.34,0,17.20,0,5.81,0,0#
0,598,2.94,0,18.49,0,4.65,0,0#
0,602,3.09,0,20.47,0,5.81,0,0#
0,605,3.93,0,18.02,0,5.23,0,0#
0,608,3.52,0,17.41,0,4.07,0,0#
0,611,2.51,0,19.50,0,6.97,0,0#
0,613,3.93,0,18.38,0,8.72,0,0#
0,616,3.42,0,20.11,0,5.23,0,0#
0,622,3.34,0,18.38,0,5.23,0,0#
0,625,3.02,0,19.64,0,4.65,0,0#
0,628,4.18,0,17.16,0,4.07,0,0#
0,631,2.51,0,18.42,0,4.07,0,0#
0,633,3.85,0,18.74,0,4.07,0,0#
0,636,2.51,0,17.05,0,5.23,0,0#
0,639,2.69,0,18.28,0,4.65,0,0#
0,643,4.18,0,17.67,0,6.39,0,0#
0,646,2.84,0,18.49,0,6.39,0,0#
0,649,2.51,0,18.28,0,6.39,0,0#
0,652,3.42,0,16.19,0,6.39,0,0#
0,655,3.02,0,19.75,0,5.23,0,0#
0,658,3.60,0,18.99,0,4.65,0,0#
0,661,4.18,0,17.41,0,4.65,0,0#
0,663,2.18,0,17.27,0,5.23,0,0#
0,666,3.60,0,18.89,0,5.23,0,0#
0,672,3.19,0,19.24,0,4.65,0,0#
0,675,5.01,0,18.63,0,5.81,0,0#
0,678,3.67,0,19.24,0,5.23,0,0#
0,681,3.93,0,17.77,0,5.81,0,0#
0,683,4.18,0,18.38,0,3.49,0,0#
0,687,2.51,0,19.24,0,3.49,0,0#
0,690,4.25,0,17.05,0,6.97,0,0#
0,693,2.51,0,16.66,0,5.23,0,0#
0,696,2.26,0,18.38,0,6.39,0,0#
0,699,5.67,0,17.63,0,5.81,0,0#
0,702,2.51,0,20.00,0,5.23,0,0#
0,705,3.85,0,18.74,0,2.91,0,0#
0,708,3.93,0,18.99,0,4.65,0,0#
0,711,3.67,0,19.50,0,4.07,0,0#
0,713,2.76,0,17.27,0,5.81,0,0#
0,716,2.18,0,17.01,0,3.49,0,0#
0,722,3.17,0,16.40,0,5.23,0,0#
0,725,4.76,0,17.52,0,5.81,0,0#
0,729,4.68,0,19.10,0,5.23,0,0#
0,731,4.51,0,18.74,0,5.23,0,0#
0,734,3.34,0,18.89,0,6.97,0,0#
0,737,4.00,0,19.50,0,4.65,0,0#
0,740,1.93,0,17.67,0,4.65,0,0#
0,743,2.26,0,17.05,0,6.39,0,0#
0,746,3.17,0,17.77,0,5.81,0,0#
0,749,5.09,0,17.01,0,6.39,0,0#
0,752,4.93,0,18.53,0,5.23,0,0#
0,755,2.51,0,17.16,0,8.13,0,0#
0,758,1.93,0,17.92,0,6.39,0,0#
0,760,3.42,0,18.13,0,5.81,0,0#
0,763,3.42,0,15.69,0,7.55,0,0#
0,766,3.67,0,19.60,0,6.97,0,0#
0,773,2.84,0,19.60,0,5.81,0,0#
0,776,4.76,0,16.91,0,4.07,0,0#
0,778,2.51,0,18.99,0,4.07,0,0#
0,781,3.42,0,17.67,0,5.81,0,0#
0,784,2.51,0,17.88,0,6.39,0,0#
0,787,3.85,0,16.55,0,4.65,0,0#
0,790,3.09,0,18.99,0,4.07,0,0#
0,793,3.52,0,17.88,0,5.81,0,0#
0,796,2.51,0,19.60,0,4.07,0,0#
0,799,3.17,0,18.02,0,4.65,0,0#
0,802,2.92,0,18.13,0,4.65,0,0#
0,805,3.42,0,19.39,0,3.49,0,0#
0,807,4.58,0,17.88,0,4.65,0,0#
0,810,2.18,0,20.61,0,6.97,0,0#
0,814,2.01,0,18.28,0,5.23,0,0#
0,817,2.43,0,17.77,0,4.65,0,0#
0,823,3.85,0,17.41,0,4.07,0,0#
0,825,2.26,0,16.19,0,4.65,0,0#
0,828,3.93,0,17.41,0,4.65,0,0#
0,831,3.60,0,18.38,0,4.65,0,0#
0,834,4.83,0,18.13,0,5.81,0,0#
0,837,2.51,0,16.91,0,3.49,0,0#
0,840,3.60,0,18.38,0,6.97,0,0#
0,843,2.18,0,19.86,0,4.07,0,0#
0,846,3.67,0,16.91,0,6.97,0,0#
0,849,3.93,0,17.52,0,4.65,0,0#
0,852,3.17,0,17.67,0,4.07,0,0#
0,854,4.43,0,17.77,0,4.65,0,0#
0,858,2.76,0,18.28,0,5.81,0,0#
0,861,3.67,0,17.88,0,5.23,0,0#
0,864,3.09,0,18.89,0,5.81,0,0#
0,867,4.51,0,16.19,0,6.39,0,0#
0,873,4.51,0,19.35,0,4.07,0,0#
0,876,4.76,0,19.75,0,7.55,0,0#
0,879,4.83,0,16.44,0,11.62,0,0#
0,882,1.43,0,17.52,0,13.94,0,0#
0,884,2.76,0,15.83,0,5.23,0,0#
0,887,3.85,0,16.66,0,5.23,0,0#
0,890,3.85,0,19.24,0,4.07,0,0#
0,893,4.10,0,18.89,0,5.81,0,0#
0,896,4.76,0,17.77,0,9.30,0,0#
0,900,5.09,0,16.91,0,6.39,0,0#
0,903,1.93,0,16.55,0,5.23,0,0#
0,906,3.09,0,17.67,0,4.65,0,0#
0,909,4.51,0,18.28,0,6.39,0,0#
0,911,4.18,0,18.78,0,5.23,0,0#
0,914,4.43,0,19.50,0,5.81,0,0#
0,917,2.76,0,17.52,0,6.39,0,0#
0,923,3.67,0,17.16,0,5.23,0,0#
0,926,4.76,0,18.63,0,4.65,0,0#
0,929,3.67,0,18.74,0,4.65,0,0#
0,931,2.76,0,17.16,0,5.23,0,0#
0,934,4.51,0,17.92,0,7.55,0,0#
0,937,4.33,0,17.16,0,5.23,0,0#
0,940,2.26,0,17.31,0,5.81,0,0#
0,944,4.18,0,19.50,0,5.81,0,0#
0,947,2.76,0,18.13,0,4.07,0,0#
0,950,3.67,0,18.38,0,6.97,0,0#
0,953,2.01,0,19.60,0,4.65,0,0#
0,956,3.60,0,19.75,0,4.07,0,0#
0,959,3.85,0,16.91,0,4.07,0,0#
0,961,2.26,0,18.63,0,5.81,0,0#
0,964,4.51,0,17.67,0,5.81,0,0#
0,967,2.84,0,15.94,0,5.23,0,0#
0,973,4.83,0,17.67,0,3.49,0,0#
0,976,3.93,0,17.41,0,6.39,0,0#
0,979,4.18,0,16.55,0,6.39,0,0#
0,981,4.18,0,16.55,0,5.23,0,0#
0,985,3.67,0,20.47,0,6.97,0,0#
0,988,3.60,0,15.94,0,3.49,0,0#
0,991,3.93,0,19.64,0,6.97,0,0#
0,994,4.51,0,18.89,0,4.65,0,0#
0,997,3.42,0,17.73,0,4.65,0,0#
0,1000,3.75,0,18.02,0,5.81,0,0#
0,1003,3.09,0,16.51,0,5.23,0,0#
0,1006,3.67,0,18.02,0,6.97,0,0#
0,1009,3.02,0,17.52,0,5.23,0,0#
0,1012,3.02,0,17.67,0,6.97,0,0#
0,1015,2.26,0,17.41,0,6.39,0,0#
0,1017,3.02,0,18.02,0,5.23,0,0#
0,1023,2.92,0,19.10,0,5.81,0,0#
0,1027,2.43,0,19.24,0,6.97,0,0#
0,1030,4.25,0,18.13,0,6.39,0,0#
0,1033,3.60,0,18.99,0,6.39,0,0#
0,1036,4.83,0,16.66,0,6.97,0,0#
0,1039,3.34,0,19.14,0,7.55,0,0#
0,1042,4.00,0,17.92,0,5.23,0,0#
0,1045,4.00,0,18.02,0,27.89,0,0#
0,1047,2.92,0,18.99,0,27.89,0,0#
0,1050,4.18,0,18.99,0,4.65,0,0#
0,1053,4.58,0,16.66,0,31.37,0,0#
0,1056,2.76,0,18.02,0,4.07,0,0#
0,1059,4.18,0,19.24,0,6.39,0,0#
0,1062,2.51,0,19.24,0,8.72,0,0#
0,1065,3.60,0,18.13,0,5.81,0,0#
0,1072,4.18,0,17.52,0,6.97,0,0#
0,1075,2.43,0,17.16,0,6.39,0,0#
0,1078,1.68,0,18.28,0,5.23,0,0#
0,1080,2.26,0,19.24,0,6.39,0,0#
0,1083,4.58,0,18.17,0,7.55,0,0#
0,1086,5.34,0,19.14,0,20.92,0,0#
0,1089,4.76,0,18.02,0,9.30,0,0#
0,1092,5.42,0,17.67,0,7.55,0,0#
0,1095,3.93,0,19.64,0,5.81,0,0#
0,1098,2.34,0,18.99,0,6.39,0,0#
0,1101,3.27,0,17.05,0,5.81,0,0#
0,1104,4.51,0,16.30,0,5.81,0,0#
0,1107,4.00,0,16.05,0,6.97,0,0#
0,1110,2.26,0,18.02,0,6.39,0,0#
0,1114,2.76,0,17.88,0,5.81,0,0#
0,1117,2.43,0,18.38,0,4.07,0,0#
0,1122,2.76,0,18.13,0,7.55,0,0#
0,1125,3.67,0,18.89,0,5.81,0,0#
0,1128,1.93,0,17.52,0,6.39,0,0#
0,1131,3.85,0,18.99,0,5.81,0,0#
0,1134,2.84,0,20.00,0,6.39,0,0#
0,1137,4.18,0,17.52,0,6.39,0,0#
0,1140,2.84,0,19.86,0,6.97,0,0#
0,1143,3.09,0,17.16,0,6.39,0,0#
0,1146,3.42,0,17.77,0,5.23,0,0#
0,1149,2.43,0,18.63,0,5.81,0,0#
0,1152,3.34,0,16.55,0,6.97,0,0#
0,1155,2.26,0,15.69,0,6.39,0,0#
0,1158,2.18,0,18.89,0,9.30,0,0#
0,1161,2.26,0,19.24,0,5.81,0,0#
0,1164,4.43,0,17.16,0,5.23,0,0#
0,1170,3.09,0,19.86,0,4.65,0,0#
0,1173,1.93,0,19.24,0,6.39,0,0#
0,1176,3.17,0,17.05,0,7.55,0,0#
0,1179,3.09,0,19.24,0,5.81,0,0#
0,1182,3.42,0,17.77,0,8.72,0,0#
0,1184,4.83,0,18.42,0,6.39,0,0#
0,1187,4.25,0,19.50,0,8.13,0,0#
0,1190,3.85,0,18.63,0,6.97,0,0#
0,1193,3.34,0,21.48,0,5.81,0,0#
0,1196,4.25,0,18.38,0,10.46,0,0#
0,1200,2.26,0,17.88,0,6.97,0,0#
0,1203,2.51,0,17.16,0,5.23,0,0#
0,1206,2.84,0,18.63,0,9.30,0,0#
0,1209,4.18,0,17.41,0,8.13,0,0#
0,1212,4.76,0,20.36,0,8.72,0,0#
0,1215,4.18,0,17.67,0,8.72,0,0#
0,1220,1.43,0,18.13,0,10.46,0,0#
0,1223,2.76,0,18.63,0,12.78,0,0#
0,1226,2.26,0,16.66,0,11.62,0,0#
0,1229,3.67,0,18.53,0,15.69,0,0#
0,1232,3.85,0,18.02,0,5.23,0,0#
0,1235,3.60,0,19.60,0,7.55,0,0#
0,1238,4.18,0,18.78,0,6.39,0,0#
0,1242,2.84,0,16.55,0,5.23,0,0#
0,1245,4.43,0,19.60,0,6.97,0,0#
0,1248,4.00,0,18.74,0,6.39,0,0#
0,1251,4.58,0,17.92,0,9.30,0,0#
0,1254,3.09,0,18.74,0,5.23,0,0#
0,1257,2.18,0,19.86,0,19.17,0,0#
0,1260,3.60,0,19.50,0,5.23,0,0#
0,1263,3.34,0,19.50,0,8.72,0,0#
0,1269,3.02,0,20.11,0,4.65,0,0#
0,1272,2.69,0,18.02,0,6.39,0,0#
0,1275,2.51,0,18.28,0,4.65,0,0#
0,1277,3.93,0,16.91,0,5.23,0,0#
0,1280,4.51,0,16.55,0,5.23,0,0#
0,1284,2.76,0,18.63,0,4.65,0,0#
0,1287,3.60,0,19.90,0,6.39,0,0#
0,1290,3.02,0,19.60,0,6.39,0,0#
0,1293,3.27,0,19.24,0,5.23,0,0#
0,1296,5.67,0,19.10,0,5.23,0,0#
0,1299,3.34,0,17.77,0,5.81,0,0#
0,1302,4.18,0,19.86,0,6.39,0,0#
0,1305,3.34,0,18.63,0,6.39,0,0#
0,1308,1.93,0,18.13,0,4.65,0,0#
0,1311,4.18,0,17.05,0,7.55,0,0#
0,1314,1.93,0,16.30,0,5.81,0,0#
0,1319,3.42,0,20.07,0,5.81,0,0#
0,1322,2.84,0,17.16,0,6.39,0,0#
0,1326,4.51,0,18.89,0,5.81,0,0#
0,1329,4.76,0,18.02,0,6.97,0,0#
0,1332,3.85,0,17.16,0,3.49,0,0#
0,1335,1.68,0,18.02,0,5.23,0,0#
0,1338,4.18,0,19.75,0,9.30,0,0#
0,1341,3.67,0,20.11,0,4.07,0,0#
0,1344,1.50,0,18.13,0,5.23,0,0#
0,1346,1.43,0,18.49,0,4.65,0,0#
0,1349,2.84,0,16.91,0,7.55,0,0#
0,1352,2.43,0,20.61,0,6.97,0,0#
0,1355,4.83,0,19.50,0,7.55,0,0#
0,1358,3.34,0,18.63,0,5.23,0,0#
0,1361,3.34,0,17.77,0,5.81,0,0#
0,1366,3.09,0,18.28,0,4.07,0,0#
0,1370,3.42,0,17.77,0,4.65,0,0#
0,1373,2.59,0,18.89,0,6.39,0,0#
0,1376,4.51,0,17.05,0,6.39,0,0#
0,1379,2.51,0,18.53,0,4.65,0,0#
0,1382,3.60,0,19.14,0,7.55,0,0#
0,1385,3.34,0,18.89,0,6.39,0,0#
0,1388,3.17,0,17.63,0,6.97,0,0#
0,1391,1.68,0,19.24,0,5.81,0,0#
0,1394,2.26,0,17.41,0,6.39,0,0#
0,1397,3.85,0,15.94,0,5.23,0,0#
0,1400,2.51,0,18.89,0,7.55,0,0#
0,1403,4.25,0,17.88,0,5.81,0,0#
0,1406,3.34,0,18.02,0,6.39,0,0#
0,1409,4.25,0,17.31,0,5.81,0,0#
0,1412,3.42,0,18.02,0,9.88,0,0#
0,1418,3.93,0,17.52,0,7.55,0,0#
0,1421,2.76,0,18.13,0,5.23,0,0#
0,1424,3.09,0,19.86,0,38.93,0,0#
0,1427,3.09,0,18.53,0,5.81,0,0#
0,1430,5.34,0,16.30,0,4.65,0,0#
0,1432,2.76,0,16.30,0,4.65,0,0#
0,1435,3.34,0,18.89,0,9.30,0,0#
0,1438,3.60,0,19.14,0,6.39,0,0#
0,1441,3.42,0,18.38,0,5.23,0,0#
0,1444,2.59,0,19.50,0,6.97,0,0#
0,1447,2.26,0,17.77,0,6.39,0,0#
0,1450,3.67,0,18.89,0,6.39,0,0#
0,1454,4.25,0,17.27,0,7.55,0,0#
0,1457,2.76,0,18.99,0,5.23,0,0#
0,1460,2.76,0,19.24,0,7.55,0,0#
0,1465,2.84,0,17.16,0,5.81,0,0#
0,1468,4.25,0,18.89,0,5.81,0,0#
0,1471,4.76,0,17.41,0,8.13,0,0#
0,1474,4.18,0,19.75,0,10.46,0,0#
0,1477,3.93,0,18.38,0,4.65,0,0#
0,1480,1.93,0,18.63,0,4.65,0,0#
0,1483,4.76,0,17.52,0,7.55,0,0#
0,1486,4.18,0,17.77,0,5.81,0,0#
0,1489,4.25,0,17.27,0,26.15,0,0#
0,1492,3.60,0,18.38,0,5.23,0,0#
0,1495,3.02,0,18.53,0,20.92,0,0#
0,1499,3.09,0,18.63,0,5.81,0,0#
0,1502,4.25,0,18.28,0,5.23,0,0#
0,1504,1.93,0,17.92,0,5.23,0,0#
0,1507,2.59,0,18.78,0,7.55,0,0#
0,1510,3.34,0,19.50,0,6.97,0,0#
0,1516,3.09,0,19.35,0,5.23,0,0#
0,1519,4.18,0,18.13,0,7.55,0,0#
0,1522,2.26,0,19.39,0,6.39,0,0#
0,1525,3.67,0,19.75,0,5.23,0,0#
0,1527,1.68,0,20.47,0,5.23,0,0#
0,1530,3.09,0,18.78,0,5.23,0,0#
0,1533,3.93,0,17.52,0,4.65,0,0#
0,1536,1.68,0,18.38,0,5.81,0,0#
0,1540,5.09,0,17.16,0,5.81,0,0#
0,1543,2.76,0,19.75,0,9.30,0,0#
0,1546,2.51,0,19.50,0,4.65,0,0#
0,1549,3.93,0,18.99,0,5.81,0,0#
0,1552,2.84,0,17.16,0,5.23,0,0#
0,1555,4.68,0,17.41,0,6.97,0,0#
0,1558,3.67,0,16.66,0,4.65,0,0#
0,1563,3.17,0,19.24,0,4.65,0,0#
0,1566,2.51,0,17.67,0,7.55,0,0#
0,1569,3.27,0,16.91,0,2.32,0,0#
0,1572,2.76,0,16.30,0,5.23,0,0#
0,1575,1.75,0,18.02,0,4.07,0,0#
0,1578,3.34,0,19.24,0,6.39,0,0#
0,1582,3.67,0,17.63,0,6.39,0,0#
0,1585,3.67,0,18.63,0,6.39,0,0#
0,1588,3.52,0,18.74,0,5.81,0,0#
0,1591,2.92,0,15.94,0,5.81,0,0#
0,1594,2.51,0,17.37,0,7.55,0,0#
0,1596,2.76,0,16.91,0,5.23,0,0#
0,1599,2.76,0,18.13,0,5.23,0,0#
0,1602,2.18,0,18.74,0,4.07,0,0#
0,1605,2.34,0,18.99,0,7.55,0,0#
0,1608,2.76,0,17.52,0,3.49,0,0#
0,1613,3.60,0,17.05,0,6.97,0,0#
0,1616,3.67,0,16.76,0,5.23,0,0#
0,1619,2.51,0,17.67,0,5.23,0,0#
0,1622,3.85,0,18.38,0,4.65,0,0#
0,1626,3.34,0,18.89,0,4.65,0,0#
0,1629,2.76,0,15.69,0,6.97,0,0#
0,1632,4.76,0,18.38,0,6.39,0,0#
0,1635,2.84,0,19.86,0,3.49,0,0#
0,1638,3.93,0,18.89,0,8.13,0,0#
0,1641,3.60,0,18.63,0,4.65,0,0#
0,1644,4.76,0,17.31,0,2.91,0,0#
0,1647,2.18,0,18.02,0,3.49,0,0#
0,1650,4.18,0,17.77,0,5.81,0,0#
0,1653,3.60,0,16.91,0,9.30,0,0#
0,1656,2.51,0,18.38,0,6.97,0,0#
0,1661,3.09,0,19.50,0,6.97,0,0#
0,1664,5.01,0,18.28,0,6.39,0,0#
0,1668,4.83,0,17.27,0,5.81,0,0#
0,1671,5.67,0,16.91,0,4.07,0,0#
0,1674,3.09,0,18.38,0,5.81,0,0#
0,1677,3.34,0,15.79,0,5.23,0,0#
0,1680,3.02,0,18.13,0,5.81,0,0#
0,1683,4.43,0,20.86,0,4.07,0,0#
0,1686,3.34,0,17.16,0,5.81,0,0#
0,1689,2.26,0,18.63,0,5.81,0,0#
0,1692,3.93,0,18.89,0,6.39,0,0#
0,1695,4.76,0,18.28,0,9.88,0,0#
0,1698,2.26,0,18.02,0,4.65,0,0#
0,1701,4.00,0,17.77,0,6.97,0,0#
0,1703,4.18,0,18.13,0,6.39,0,0#
0,1706,3.02,0,18.38,0,5.81,0,0#
0,1713,3.85,0,19.24,0,4.65,0,0#
0,1716,3.93,0,18.89,0,5.81,0,0#
0,1719,3.09,0,18.28,0,5.23,0,0#
0,1722,3.09,0,16.05,0,5.23,0,0#
0,1725,4.51,0,17.16,0,7.55,0,0#
0,1728,2.76,0,18.38,0,5.23,0,0#
0,1731,2.94,0,16.91,0,5.23,0,0#
0,1733,3.60,0,19.24,0,8.72,0,0#
0,1736,3.67,0,16.30,0,6.97,0,0#
0,1739,3.27,0,17.77,0,5.23,0,0#
0,1742,3.67,0,17.77,0,5.81,0,0#
0,1745,4.76,0,18.74,0,4.65,0,0#
0,1748,2.18,0,18.99,0,5.23,0,0#
0,1751,3.17,0,17.16,0,4.65,0,0#
0,1755,2.18,0,18.28,0,5.23,0,0#
0,1761,2.84,0,18.28,0,6.97,0,0#
0,1763,3.34,0,16.76,0,5.81,0,0#
0,1766,3.34,0,18.63,0,5.81,0,0#
0,1769,1.68,0,17.77,0,9.30,0,0#
0,1772,3.85,0,20.00,0,5.23,0,0#
0,1775,4.51,0,19.14,0,4.07,0,0#
0,1778,2.51,0,17.27,0,6.97,0,0#
0,1781,5.01,0,18.02,0,3.49,0,0#
0,1784,3.02,0,17.41,0,4.07,0,0#
0,1787,4.43,0,17.27,0,6.39,0,0#
0,1790,3.34,0,19.35,0,7.55,0,0#
0,1793,2.76,0,18.78,0,6.97,0,0#
0,1797,3.93,0,16.76,0,4.07,0,0#
0,1800,2.51,0,16.91,0,5.23,0,0#
0,1803,4.18,0,17.52,0,6.39,0,0#
0,1806,2.51,0,19.60,0,5.81,0,0#
0,1811,2.18,0,18.89,0,5.81,0,0#
0,1814,3.34,0,17.27,0,5.23,0,0#
0,1817,4.18,0,17.01,0,6.39,0,0#
0,1820,2.01,0,17.05,0,5.81,0,0#
0,1823,2.84,0,17.56,0,6.97,0,0#
0,1826,1.93,0,18.28,0,5.23,0,0#
0,1829,3.42,0,18.02,0,8.13,0,0#
0,1832,5.34,0,17.88,0,5.81,0,0#
0,1834,4.18,0,18.13,0,5.23,0,0#
0,1838,3.09,0,18.13,0,11.62,0,0#
0,1841,3.02,0,19.50,0,6.97,0,0#
0,1844,3.09,0,16.66,0,6.39,0,0#
0,1847,3.42,0,19.50,0,19.75,0,0#
0,1850,3.34,0,16.55,0,13.94,0,0#
0,1853,2.84,0,18.53,0,6.39,0,0#
0,1859,2.18,0,18.02,0,5.81,0,0#
0,1862,3.60,0,17.52,0,6.39,0,0#
0,1865,4.25,0,18.28,0,9.30,0,0#
0,1868,3.93,0,19.86,0,5.23,0,0#
0,1870,3.09,0,18.02,0,7.55,0,0#
0,1873,4.25,0,17.77,0,5.23,0,0#
0,1876,3.27,0,18.74,0,6.39,0,0#
0,1879,3.77,0,18.63,0,4.65,0,0#
0,1883,3.75,0,19.39,0,8.13,0,0#
0,1886,2.18,0,17.77,0,9.88,0,0#
0,1889,1.93,0,18.78,0,6.39,0,0#
0,1892,4.18,0,17.77,0,6.39,0,0#
0,1895,4.51,0,16.66,0,5.81,0,0#
0,1898,3.09,0,17.77,0,7.55,0,0#
0,1901,3.02,0,19.39,0,5.23,0,0#
0,1904,4.18,0,18.74,0,6.39,0,0#
0,1909,3.02,0,19.14,0,9.30,0,0#
0,1912,2.59,0,19.24,0,5.23,0,0#
0,1915,2.34,0,18.24,0,6.97,0,0#
0,1918,3.09,0,19.39,0,7.55,0,0#
0,1921,3.09,0,19.60,0,9.88,0,0#
0,1925,2.84,0,17.41,0,8.13,0,0#
0,1928,2.51,0,17.16,0,9.88,0,0#
0,1931,3.34,0,17.67,0,22.08,0,0#
0,1934,3.02,0,18.38,0,12.20,0,0#
0,1937,2.51,0,17.52,0,10.46,0,0#
0,1940,4.25,0,18.99,0,11.62,0,0#
0,1943,2.51,0,18.02,0,12.78,0,0#
0,1946,4.51,0,18.02,0,20.92,0,0#
0,1949,2.76,0,17.27,0,23.24,0,0#
0,1952,2.51,0,17.05,0,29.05,0,0#
0,1957,3.02,0,17.16,0,27.31,0,0#
0,1960,3.34,0,17.63,0,24.98,0,0#
0,1963,1.43,0,18.49,0,30.21,0,0#
0,1967,4.18,0,19.24,0,27.89,0,0#
0,1970,2.76,0,18.13,0,26.73,0,0#
0,1973,2.26,0,19.24,0,31.96,0,0#
0,1976,1.68,0,18.63,0,29.63,0,0#
0,1979,4.51,0,17.92,0,27.89,0,0#
0,1982,2.84,0,17.77,0,25.56,0,0#
0,1985,3.09,0,18.53,0,31.96,0,0#
0,1988,3.85,0,17.16,0,27.31,0,0#
0,1991,4.51,0,20.00,0,27.89,0,0#
0,1994,3.34,0,18.89,0,25.56,0,0#
0,1997,2.84,0,18.38,0,28.47,0,0#
0,2000,3.42,0,16.05,0,27.31,0,0#
0,2005,2.26,0,16.19,0,29.05,0,0#
0,2009,4.76,0,19.64,0,26.73,0,0#
0,2012,3.02,0,18.28,0,27.89,0,0#
0,2015,2.26,0,17.52,0,26.15,0,0#
0,2018,3.34,0,17.63,0,27.31,0,0#
0,2021,4.51,0,16.66,0,26.15,0,0#
0,2024,3.60,0,17.27,0,26.73,0,0#
0,2027,4.18,0,18.53,0,28.47,0,0#
0,2030,3.17,0,18.53,0,29.05,0,0#
0,2033,3.85,0,16.91,0,27.31,0,0#
0,2036,2.84,0,19.50,0,27.31,0,0#
0,2039,2.69,0,18.28,0,27.89,0,0#
0,2042,3.34,0,17.77,0,30.79,0,0#
0,2045,1.93,0,19.24,0,26.73,0,0#
0,2048,3.34,0,18.63,0,24.40,0,0#
0,2055,2.26,0,18.38,0,25.56,0,0#
0,2058,3.27,0,19.86,0,24.98,0,0#
0,2061,2.34,0,18.63,0,24.40,0,0#
0,2064,1.93,0,18.74,0,25.56,0,0#
0,2066,3.93,0,19.24,0,25.56,0,0#
0,2069,3.34,0,17.41,0,25.56,0,0#
0,2072,1.93,0,16.80,0,27.31,0,0#
0,2075,2.59,0,18.38,0,24.98,0,0#
0,2078,3.02,0,17.52,0,26.15,0,0#
0,2081,1.93,0,15.44,0,26.15,0,0#
0,2084,2.01,0,18.28,0,28.47,0,0#
0,2087,3.09,0,18.28,0,27.89,0,0#
0,2090,2.51,0,17.67,0,23.24,0,0#
0,2094,2.51,0,17.77,0,25.56,0,0#
0,2097,3.85,0,17.77,0,24.98,0,0#
0,2103,3.77,0,19.60,0,26.73,0,0#
0,2106,4.18,0,17.05,0,26.15,0,0#
0,2109,3.09,0,17.92,0,24.98,0,0#
0,2112,4.18,0,20.97,0,24.98,0,0#
0,2115,3.42,0,18.89,0,26.73,0,0#
0,2118,4.51,0,15.90,0,27.31,0,0#
0,2121,3.75,0,16.05,0,23.24,0,0#
0,2124,2.08,0,19.79,0,26.73,0,0#
0,2126,3.09,0,18.85,0,24.40,0,0#
0,2129,3.42,0,19.50,0,30.21,0,0#
0,2132,4.00,0,18.89,0,28.47,0,0#
0,2135,2.01,0,18.13,0,29.05,0,0#
0,2139,4.18,0,15.94,0,23.82,0,0#
0,2142,3.42,0,18.28,0,25.56,0,0#
0,2145,4.25,0,16.80,0,26.15,0,0#
0,2151,3.67,0,18.38,0,19.75,0,0#
0,2154,3.34,0,18.74,0,5.23,0,0#
0,2157,2.76,0,18.63,0,4.65,0,0#
0,2160,2.76,0,18.02,0,14.53,0,0#
0,2163,3.34,0,19.50,0,6.39,0,0#
0,2166,2.51,0,18.38,0,6.97,0,0#
0,2169,2.18,0,19.35,0,6.39,0,0#
0,2172,3.60,0,19.39,0,5.81,0,0#
0,2174,1.93,0,19.50,0,6.97,0,0#
0,2177,3.52,0,17.88,0,5.81,0,0#
0,2181,4.83,0,18.02,0,3.49,0,0#
0,2184,2.51,0,18.38,0,5.81,0,0#
0,2187,4.51,0,18.63,0,4.65,0,0#
0,2190,1.93,0,19.86,0,5.81,0,0#
0,2193,4.43,0,18.38,0,5.23,0,0#
0,2196,4.00,0,19.50,0,4.65,0,0#
0,2202,2.76,0,17.77,0,4.65,0,0#
0,2204,2.59,0,18.02,0,6.39,0,0#
0,2207,3.60,0,18.38,0,5.23,0,0#
0,2210,3.09,0,17.63,0,5.81,0,0#
0,2213,4.18,0,20.11,0,5.23,0,0#
0,2216,3.34,0,18.38,0,6.97,0,0#
0,2219,4.25,0,18.24,0,5.23,0,0#
0,2223,3.09,0,18.38,0,5.81,0,0#
0,2226,3.34,0,18.28,0,5.81,0,0#
0,2229,3.27,0,17.27,0,6.97,0,0#
0,2232,3.34,0,19.24,0,4.65,0,0#
0,2235,6.00,0,18.13,0,3.49,0,0#
0,2238,3.02,0,16.55,0,6.39,0,0#
0,2241,2.43,0,17.77,0,4.07,0,0#
0,2244,3.60,0,17.77,0,3.49,0,0#
0,2249,1.93,0,19.14,0,6.97,0,0#
0,2252,4.25,0,19.75,0,4.65,0,0#
0,2255,2.51,0,18.53,0,5.81,0,0#
0,2258,3.34,0,18.28,0,6.97,0,0#
0,2261,3.09,0,16.40,0,6.97,0,0#
0,2265,2.26,0,17.77,0,6.39,0,0#
0,2268,3.34,0,19.24,0,4.07,0,0#
0,2271,3.34,0,18.17,0,7.55,0,0#
0,2274,2.51,0,16.91,0,6.97,0,0#
0,2277,2.59,0,17.77,0,5.81,0,0#
0,2280,3.02,0,16.91,0,5.23,0,0#
0,2282,3.02,0,17.67,0,6.39,0,0#
0,2285,2.18,0,19.35,0,5.81,0,0#
0,2288,2.51,0,17.67,0,3.49,0,0#
0,2291,2.84,0,15.69,0,6.97,0,0#
0,2294,4.51,0,19.60,0,5.81,0,0#
0,2300,3.09,0,17.52,0,5.23,0,0#
0,2303,2.76,0,18.74,0,6.97,0,0#
0,2307,3.60,0,16.55,0,5.81,0,0#
0,2310,1.43,0,19.50,0,6.39,0,0#
0,2312,4.18,0,18.17,0,5.81,0,0#
0,2315,4.25,0,16.05,0,4.65,0,0#
0,2318,3.02,0,18.02,0,5.23,0,0#
0,2321,3.17,0,17.77,0,5.23,0,0#
0,2324,2.51,0,18.38,0,5.81,0,0#
0,2327,4.43,0,18.63,0,6.97,0,0#
0,2330,2.76,0,16.91,0,5.81,0,0#
0,2333,2.26,0,17.92,0,5.81,0,0#
0,2336,2.84,0,18.99,0,4.65,0,0#
0,2339,2.26,0,18.13,0,5.23,0,0#
0,2342,3.67,0,17.52,0,4.07,0,0#
0,2347,3.93,0,17.01,0,5.81,0,0#
0,2351,4.18,0,19.86,0,6.97,0,0#
0,2354,3.52,0,16.55,0,5.81,0,0#
0,2357,2.84,0,18.53,0,5.23,0,0#
0,2360,4.25,0,19.24,0,5.23,0,0#
0,2363,3.60,0,17.41,0,5.81,0,0#
0,2366,4.68,0,19.14,0,5.23,0,0#
0,2369,3.67,0,20.11,0,4.65,0,0#
0,2372,2.84,0,18.89,0,6.97,0,0#
0,2375,3.60,0,19.24,0,7.55,0,0#
0,2378,3.09,0,17.16,0,5.81,0,0#
0,2381,4.25,0,17.27,0,5.81,0,0#
0,2384,2.18,0,17.77,0,8.13,0,0#
0,2387,4.25,0,16.30,0,5.81,0,0#
0,2389,3.34,0,18.63,0,5.81,0,0#
0,2393,1.68,0,18.63,0,3.49,0,0#
0,2399,3.27,0,17.52,0,5.81,0,0#
0,2402,3.75,0,18.02,0,4.65,0,0#
0,2405,2.84,0,18.89,0,6.39,0,0#
0,2408,4.25,0,18.89,0,6.39,0,0#
0,2411,2.76,0,17.52,0,4.65,0,0#
0,2414,3.02,0,18.89,0,5.81,0,0#
0,2416,3.42,0,17.77,0,5.23,0,0#
0,2419,2.76,0,17.52,0,4.07,0,0#
0,2422,4.25,0,18.89,0,5.81,0,0#
0,2425,3.67,0,16.66,0,5.23,0,0#
0,2428,3.09,0,19.50,0,4.65,0,0#
0,2431,1.93,0,19.50,0,4.65,0,0#
0,2435,2.51,0,18.02,0,5.81,0,0#
0,2438,5.01,0,18.74,0,5.81,0,0#
0,2441,4.00,0,17.77,0,4.07,0,0#
0,2447,2.18,0,18.38,0,4.65,0,0#
0,2450,2.18,0,18.02,0,4.65,0,0#
0,2453,1.93,0,17.77,0,5.23,0,0#
0,2456,3.67,0,17.52,0,5.23,0,0#
0,2459,2.84,0,18.02,0,5.81,0,0#
0,2462,3.75,0,19.14,0,3.49,0,0#
0,2465,3.60,0,17.67,0,6.39,0,0#
0,2468,3.09,0,18.13,0,5.23,0,0#
0,2471,3.42,0,18.13,0,4.65,0,0#
0,2473,4.51,0,18.02,0,5.81,0,0#
0,2476,1.17,0,19.14,0,5.81,0,0#
0,2480,3.42,0,18.89,0,4.65,0,0#
0,2483,3.09,0,17.52,0,5.23,0,0#
0,2486,2.51,0,17.16,0,6.39,0,0#
0,2489,2.76,0,20.36,0,5.23,0,0#
0,2492,2.43,0,18.28,0,6.39,0,0#
0,2497,4.10,0,18.63,0,2.91,0,0#
0,2500,4.83,0,17.77,0,4.65,0,0#
0,2503,4.25,0,15.44,0,6.39,0,0#
0,2506,5.09,0,19.75,0,4.65,0,0#
0,2509,3.09,0,17.16,0,4.07,0,0#
0,2512,3.34,0,17.77,0,4.65,0,0#
0,2515,2.76,0,17.16,0,4.65,0,0#
0,2518,3.09,0,16.30,0,3.49,0,0#
0,2522,2.51,0,18.02,0,5.81,0,0#
0,2525,2.92,0,18.02,0,5.81,0,0#
0,2528,4.51,0,18.38,0,4.65,0,0#
0,2531,3.34,0,18.38,0,5.23,0,0#
0,2534,3.34,0,19.50,0,5.23,0,0#
0,2537,4.68,0,16.91,0,4.65,0,0#
0,2540,3.75,0,16.30,0,6.39,0,0#
0,2545,3.60,0,18.28,0,5.23,0,0#
0,2548,4.00,0,18.89,0,4.65,0,0#
0,2551,2.84,0,17.77,0,4.65,0,0#
0,2554,4.25,0,18.02,0,6.39,0,0#
0,2557,2.43,0,16.91,0,6.39,0,0#
0,2560,3.67,0,17.98,0,6.39,0,0#
0,2563,3.85,0,17.41,0,5.23,0,0#
0,2566,2.43,0,16.91,0,4.07,0,0#
0,2569,2.76,0,18.38,0,5.81,0,0#
0,2572,2.01,0,16.66,0,6.39,0,0#
0,2575,3.85,0,16.30,0,3.49,0,0#
0,2578,2.51,0,18.02,0,6.97,0,0#
0,2581,4.76,0,17.41,0,6.39,0,0#
0,2584,3.42,0,19.75,0,5.23,0,0#
0,2587,3.60,0,17.41,0,7.55,0,0#
0,2590,4.18,0,18.63,0,6.97,0,0#
0,2595,2.84,0,18.02,0,4.65,0,0#
0,2598,3.09,0,17.16,0,4.07,0,0#
0,2601,2.51,0,17.01,0,4.65,0,0#
0,2604,3.09,0,16.05,0,6.97,0,0#
0,2608,2.76,0,17.41,0,6.97,0,0#
0,2611,3.60,0,18.02,0,5.23,0,0#
0,2614,3.27,0,18.28,0,5.23,0,0#
0,2617,4.18,0,16.05,0,6.39,0,0#
0,2620,3.67,0,17.67,0,6.97,0,0#
0,2623,4.10,0,18.85,0,4.65,0,0#
0,2626,2.84,0,19.50,0,5.23,0,0#
0,2628,4.18,0,17.41,0,6.39,0,0#
0,2631,5.09,0,17.77,0,4.65,0,0#
0,2634,3.93,0,16.66,0,4.07,0,0#
0,2637,1.93,0,18.89,0,7.55,0,0#
0,2643,2.51,0,18.78,0,5.81,0,0#
0,2646,3.60,0,16.91,0,6.39,0,0#
0,2650,3.34,0,17.16,0,6.39,0,0#
0,2652,3.09,0,17.05,0,4.07,0,0#
0,2655,3.93,0,18.63,0,5.23,0,0#
0,2658,2.18,0,18.38,0,10.46,0,0#
0,2661,2.26,0,20.00,0,5.81,0,0#
0,2664,3.34,0,19.35,0,6.97,0,0#
0,2667,3.02,0,18.49,0,5.81,0,0#
0,2670,4.76,0,16.91,0,5.23,0,0#
0,2673,4.18,0,18.38,0,5.81,0,0#
0,2676,3.67,0,17.27,0,4.65,0,0#
0,2679,2.18,0,18.63,0,5.23,0,0#
0,2682,3.60,0,18.02,0,5.23,0,0#
0,2685,4.43,0,17.52,0,4.65,0,0#
0,2688,5.92,0,19.24,0,5.81,0,0#
0,2694,4.51,0,17.67,0,4.65,0,0#
0,2697,3.60,0,17.88,0,5.23,0,0#
0,2700,3.34,0,16.91,0,6.39,0,0#
0,2703,3.85,0,18.63,0,5.23,0,0#
0,2706,3.02,0,14.97,0,5.81,0,0#
0,2709,2.76,0,17.77,0,5.23,0,0#
0,2712,3.93,0,19.75,0,5.23,0,0#
0,2715,3.02,0,18.38,0,6.39,0,0#
0,2718,2.18,0,17.05,0,5.81,0,0#
0,2720,3.09,0,19.50,0,5.23,0,0#
0,2723,3.02,0,19.14,0,5.23,0,0#
0,2726,3.34,0,17.41,0,4.65,0,0#
0,2729,3.09,0,18.13,0,6.97,0,0#
0,2732,3.27,0,17.88,0,5.23,0,0#
0,2736,2.84,0,18.74,0,4.65,0,0#
0,2742,3.52,0,17.01,0,4.65,0,0#
0,2744,4.51,0,17.16,0,5.23,0,0#
0,2747,3.67,0,18.63,0,7.55,0,0#
0,2750,2.01,0,17.41,0,5.23,0,0#
0,2753,3.09,0,18.13,0,4.65,0,0#
0,2756,3.67,0,17.41,0,7.55,0,0#
0,2759,1.75,0,17.88,0,3.49,0,0#
0,2762,3.93,0,17.41,0,6.97,0,0#
0,2765,3.42,0,20.47,0,5.81,0,0#
0,2768,3.93,0,17.52,0,6.97,0,0#
0,2771,3.09,0,18.38,0,8.13,0,0#
0,2774,2.84,0,18.38,0,3.49,0,0#
0,2778,4.18,0,17.88,0,6.39,0,0#
0,2781,2.26,0,18.53,0,6.97,0,0#
0,2784,2.26,0,17.77,0,4.07,0,0#
0,2787,4.43,0,17.88,0,6.39,0,0#
0,2792,3.02,0,18.99,0,5.81,0,0#
0,2795,3.34,0,17.16,0,8.13,0,0#
0,2798,5.09,0,16.66,0,5.23,0,0#
0,2801,2.69,0,17.05,0,4.07,0,0#
0,2804,3.02,0,17.16,0,6.39,0,0#
0,2806,1.93,0,17.77,0,5.81,0,0#
0,2809,2.84,0,18.13,0,5.23,0,0#
0,2812,3.67,0,18.02,0,4.07,0,0#
0,2815,4.51,0,16.80,0,5.81,0,0#
0,2819,4.76,0,17.77,0,5.23,0,0#
0,2822,3.67,0,16.80,0,5.81,0,0#
0,2825,2.18,0,18.89,0,5.23,0,0#
0,2828,3.60,0,18.13,0,6.39,0,0#
0,2831,2.51,0,18.63,0,6.39,0,0#
0,2834,3.60,0,18.02,0,5.81,0,0#
0,2840,3.60,0,18.89,0,5.23,0,0#
0,2843,3.34,0,17.77,0,5.81,0,0#
0,2846,3.09,0,18.49,0,5.23,0,0#
0,2848,3.42,0,17.27,0,2.91,0,0#
0,2851,4.51,0,17.05,0,5.81,0,0#
0,2854,3.09,0,17.41,0,4.65,0,0#
0,2857,2.18,0,17.27,0,4.07,0,0#
0,2860,1.93,0,20.00,0,5.23,0,0#
0,2864,2.01,0,18.63,0,4.65,0,0#
0,2867,2.51,0,19.35,0,4.07,0,0#
0,2870,3.42,0,18.99,0,4.07,0,0#
0,2873,2.01,0,17.41,0,5.23,0,0#
0,2876,2.84,0,18.63,0,4.07,0,0#
0,2879,1.43,0,19.14,0,6.97,0,0#
0,2882,2.18,0,17.88,0,6.39,0,0#
0,2885,3.02,0,17.16,0,4.65,0,0#
0,2890,2.34,0,18.89,0,6.39,0,0#
0,2893,3.09,0,18.63,0,4.65,0,0#
0,2896,4.51,0,18.13,0,5.23,0,0#
0,2899,3.42,0,17.16,0,6.97,0,0#
0,2902,4.51,0,16.05,0,5.81,0,0#
0,2906,2.51,0,19.75,0,4.65,0,0#
0,2909,3.60,0,18.38,0,4.65,0,0#
0,2912,3.93,0,17.16,0,4.65,0,0#
0,2915,4.18,0,17.27,0,5.81,0,0#
0,2918,1.68,0,18.53,0,5.23,0,0#
0,2921,2.18,0,17.88,0,4.65,0,0#
0,2924,2.51,0,18.02,0,4.65,0,0#
0,2926,3.67,0,18.38,0,6.97,0,0#
0,2929,3.60,0,20.21,0,6.39,0,0#
0,2932,3.17,0,17.27,0,5.23,0,0#
0,2938,3.02,0,16.30,0,6.97,0,0#
0,2941,3.02,0,19.14,0,6.39,0,0#
0,2944,5.09,0,16.30,0,4.65,0,0#
0,2948,3.34,0,18.99,0,5.81,0,0#
0,2951,3.75,0,18.13,0,4.07,0,0#
0,2954,3.52,0,18.38,0,5.23,0,0#
0,2956,4.51,0,19.50,0,5.81,0,0#
0,2959,3.42,0,18.99,0,6.97,0,0#
0,2962,3.09,0,18.02,0,5.81,0,0#
0,2965,4.25,0,19.14,0,7.55,0,0#
0,2968,4.83,0,18.38,0,5.23,0,0#
0,2971,2.18,0,19.24,0,6.39,0,0#
0,2974,3.93,0,18.49,0,4.65,0,0#
0,2977,2.43,0,17.63,0,6.39,0,0#
0,2980,5.34,0,18.49,0,5.81,0,0#
0,2983,2.76,0,16.91,0,4.07,0,0#
0,2988,2.84,0,17.52,0,5.23,0,0#
0,2992,2.51,0,18.13,0,4.65,0,0#
0,2995,3.27,0,18.02,0,5.81,0,0#
0,2998,5.01,0,17.77,0,5.81,0,0#
0,3001,3.67,0,17.77,0,5.81,0,0#
0,3004,2.01,0,19.14,0,5.23,0,0#
0,3007,1.93,0,17.77,0,6.97,0,0#
0,3010,4.51,0,16.91,0,5.81,0,0#
0,3013,1.68,0,17.77,0,5.23,0,0#
0,3016,3.60,0,18.38,0,5.23,0,0#
0,3019,3.02,0,19.60,0,3.49,0,0#
0,3022,3.27,0,18.38,0,6.39,0,0#
0,3025,4.43,0,17.41,0,5.23,0,0#
0,3028,4.51,0,17.52,0,6.39,0,0#
0,3030,2.76,0,18.63,0,4.65,0,0#
0,3037,2.84,0,17.16,0,6.39,0,0#
0,3040,2.69,0,16.05,0,5.81,0,0#
0,3043,2.43,0,17.52,0,8.13,0,0#
0,3046,3.85,0,18.13,0,4.65,0,0#
0,3049,2.69,0,18.13,0,5.81,0,0#
0,3052,4.18,0,17.41,0,4.07,0,0#
0,3055,3.09,0,16.80,0,5.23,0,0#
0,3058,1.17,0,19.50,0,6.97,0,0#
0,3060,3.34,0,18.89,0,8.13,0,0#
0,3063,2.26,0,18.63,0,5.81,0,0#
0,3066,3.17,0,18.38,0,5.81,0,0#
0,3069,3.93,0,17.67,0,5.23,0,0#
0,3072,3.09,0,19.86,0,4.65,0,0#
0,3076,4.18,0,18.13,0,5.23,0,0#
0,3079,3.85,0,19.24,0,5.23,0,0#
0,3082,3.34,0,19.03,0,5.81,0,0#
0,3088,5.84,0,18.63,0,5.23,0,0#
0,3091,3.42,0,18.02,0,5.23,0,0#
0,3093,3.09,0,18.53,0,6.39,0,0#
0,3096,1.68,0,17.16,0,5.23,0,0#
0,3099,3.93,0,17.52,0,5.81,0,0#
0,3102,1.93,0,18.02,0,5.23,0,0#
0,3105,2.01,0,17.31,0,5.81,0,0#
0,3108,3.27,0,18.53,0,6.39,0,0#
0,3111,3.02,0,17.41,0,5.81,0,0#
0,3114,2.84,0,18.13,0,5.81,0,0#
0,3118,3.09,0,19.64,0,4.07,0,0#
0,3121,3.09,0,19.39,0,4.65,0,0#
0,3124,1.68,0,19.14,0,6.39,0,0#
0,3127,2.69,0,18.49,0,4.65,0,0#
0,3130,5.59,0,17.92,0,6.97,0,0#
0,3135,2.84,0,17.77,0,4.07,0,0#
0,3138,2.51,0,17.16,0,5.81,0,0#
0,3141,3.34,0,17.67,0,6.39,0,0#
0,3144,3.60,0,17.92,0,5.81,0,0#
0,3147,3.02,0,18.02,0,5.23,0,0#
0,3150,4.83,0,18.02,0,4.65,0,0#
0,3153,3.93,0,19.24,0,4.65,0,0#
0,3156,2.51,0,18.89,0,3.49,0,0#
0,3159,4.76,0,17.52,0,5.81,0,0#
0,3163,4.18,0,17.52,0,5.23,0,0#
0,3166,4.25,0,18.53,0,5.81,0,0#
0,3168,2.59,0,19.14,0,6.39,0,0#
0,3171,2.76,0,18.63,0,6.39,0,0#
0,3174,1.93,0,18.13,0,6.39,0,0#
0,3177,4.76,0,17.41,0,5.23,0,0#
0,3180,2.76,0,15.04,0,6.97,0,0#
0,3193,4.00,0,17.67,0,6.39,0,0#
0,3196,3.09,0,19.24,0,5.23,0,0#
0,3199,2.76,0,18.74,0,4.65,0,0#
0,3203,3.67,0,18.53,0,5.81,0,0#
0,3206,3.67,0,18.63,0,5.81,0,0#
0,3209,2.34,0,18.85,0,5.23,0,0#
0,3212,4.76,0,17.41,0,5.23,0,0#
0,3215,2.51,0,18.38,0,5.23,0,0#
0,3218,3.34,0,18.63,0,6.97,0,0#
0,3220,1.93,0,17.16,0,4.65,0,0#
0,3223,4.25,0,18.13,0,5.23,0,0#
0,3226,2.26,0,18.17,0,5.81,0,0#
0,3229,5.01,0,17.67,0,6.39,0,0#
0,3232,3.42,0,17.92,0,5.23,0,0#
0,3235,2.51,0,17.67,0,5.81,0,0#
0,3241,3.34,0,19.24,0,5.23,0,0#
0,3244,1.93,0,18.02,0,4.65,0,0#
0,3248,2.26,0,18.63,0,5.23,0,0#
0,3251,3.09,0,17.52,0,5.23,0,0#
0,3254,1.17,0,21.08,0,4.65,0,0#
0,3257,2.76,0,15.79,0,6.39,0,0#
0,3259,2.84,0,18.13,0,5.23,0,0#
0,3262,2.76,0,17.27,0,6.39,0,0#
0,3265,3.60,0,19.35,0,4.65,0,0#
0,3268,3.09,0,18.02,0,4.07,0,0#
0,3271,3.09,0,18.89,0,4.65,0,0#
0,3274,3.09,0,18.28,0,3.49,0,0#
0,3277,2.76,0,17.77,0,5.81,0,0#
0,3280,2.01,0,17.67,0,5.81,0,0#
0,3283,3.42,0,17.77,0,4.65,0,0#
0,3286,1.68,0,20.00,0,5.81,0,0#
0,3292,2.51,0,18.53,0,5.81,0,0#
0,3295,4.76,0,16.44,0,5.23,0,0#
0,3298,3.60,0,19.50,0,6.39,0,0#
0,3301,2.43,0,17.52,0,4.65,0,0#
0,3304,6.50,0,17.88,0,5.81,0,0#
0,3307,4.43,0,16.05,0,7.55,0,0#
0,3310,3.34,0,17.77,0,4.07,0,0#
0,3313,3.67,0,16.80,0,4.65,0,0#
0,3316,2.84,0,17.52,0,6.39,0,0#
0,3319,2.01,0,18.02,0,4.07,0,0#
0,3322,2.84,0,18.99,0,6.39,0,0#
0,3324,4.43,0,18.13,0,8.13,0,0#
0,3327,4.18,0,17.16,0,6.39,0,0#
0,3331,3.34,0,17.52,0,5.23,0,0#
0,3334,4.93,0,18.53,0,5.81,0,0#
0,3340,2.26,0,18.02,0,6.39,0,0#
0,3343,2.51,0,18.99,0,5.81,0,0#
0,3346,2.18,0,17.77,0,5.23,0,0#
0,3348,2.69,0,16.15,0,2.91,0,0#
0,3351,2.18,0,18.53,0,4.65,0,0#
0,3354,2.76,0,16.91,0,6.39,0,0#
0,3357,3.02,0,18.74,0,3.49,0,0#
0,3360,2.43,0,18.63,0,6.39,0,0#
0,3363,2.84,0,18.38,0,4.07,0,0#
0,3366,2.76,0,19.39,0,5.81,0,0#
0,3369,4.43,0,17.77,0,5.81,0,0#
0,3372,3.67,0,17.67,0,5.81,0,0#
0,3376,3.67,0,18.02,0,3.49,0,0#
0,3379,3.93,0,16.91,0,5.81,0,0#
0,3382,3.09,0,16.15,0,5.81,0,0#
0,3385,3.09,0,16.91,0,5.23,0,0#
0,3390,3.02,0,19.86,0,5.81,0,0#
0,3393,2.43,0,18.38,0,4.07,0,0#
0,3396,5.01,0,18.53,0,6.39,0,0#
0,3399,3.34,0,19.86,0,8.13,0,0#
0,3402,1.68,0,18.02,0,6.39,0,0#
0,3405,2.51,0,18.99,0,5.23,0,0#
0,3408,4.00,0,18.28,0,2.91,0,0#
0,3411,3.09,0,18.28,0,4.65,0,0#
0,3414,3.34,0,17.52,0,5.23,0,0#
0,3417,1.68,0,17.16,0,5.23,0,0#
0,3420,4.91,0,18.02,0,5.81,0,0#
0,3423,3.09,0,18.89,0,8.13,0,0#
0,3426,1.43,0,17.27,0,5.81,0,0#
0,3429,3.60,0,17.16,0,4.65,0,0#
0,3432,3.52,0,17.77,0,6.39,0,0#
0,3438,5.09,0,19.60,0,4.65,0,0#
0,3440,2.84,0,19.14,0,6.39,0,0#
0,3443,3.02,0,17.41,0,5.23,0,0#
0,3446,3.09,0,18.38,0,6.97,0,0#
0,3449,4.25,0,17.77,0,4.65,0,0#
0,3452,4.51,0,18.02,0,7.55,0,0#
0,3455,3.17,0,18.99,0,5.81,0,0#
0,3459,3.09,0,16.15,0,3.49,0,0#
0,3462,4.18,0,18.02,0,4.07,0,0#
0,3465,4.93,0,17.16,0,4.07,0,0#
0,3468,4.76,0,17.92,0,7.55,0,0#
0,3471,2.59,0,18.28,0,3.49,0,0#
0,3474,3.27,0,17.67,0,4.65,0,0#
0,3477,2.26,0,18.28,0,5.23,0,0#
0,3480,4.43,0,17.41,0,6.39,0,0#
0,3483,3.85,0,19.60,0,5.23,0,0#
0,3488,3.93,0,18.02,0,6.97,0,0#
0,3491,4.51,0,17.77,0,5.81,0,0#
0,3494,3.67,0,19.24,0,4.07,0,0#
0,3497,3.02,0,17.77,0,5.81,0,0#
0,3500,2.51,0,18.38,0,6.97,0,0#
0,3504,3.93,0,18.13,0,4.65,0,0#
0,3507,3.93,0,16.30,0,5.81,0,0#
0,3509,3.27,0,17.77,0,6.97,0,0#
0,3512,2.51,0,17.77,0,4.65,0,0#
0,3515,2.76,0,19.24,0,5.23,0,0#
0,3518,2.94,0,18.13,0,4.07,0,0#
0,3521,3.60,0,18.38,0,6.39,0,0#
0,3524,3.67,0,18.38,0,10.46,0,0#
0,3527,4.18,0,17.77,0,6.97,0,0#
0,3530,4.51,0,17.52,0,4.07,0,0#
0,3535,3.60,0,17.16,0,3.49,0,0#
0,3538,2.26,0,15.08,0,6.97,0,0#
0,3541,3.60,0,17.31,0,4.65,0,0#
0,3545,3.34,0,18.28,0,5.81,0,0#
0,3548,4.18,0,19.24,0,6.39,0,0#
0,3551,3.60,0,18.02,0,5.81,0,0#
0,3554,2.51,0,18.02,0,6.97,0,0#
0,3557,3.60,0,17.16,0,3.49,0,0#
0,3560,3.02,0,17.41,0,4.65,0,0#
0,3563,3.09,0,18.38,0,5.81,0,0#
0,3566,3.34,0,18.38,0,5.81,0,0#
0,3569,5.01,0,18.13,0,6.39,0,0#
0,3572,3.09,0,18.63,0,6.97,0,0#
0,3575,3.93,0,17.77,0,5.81,0,0#
0,3577,3.60,0,18.63,0,5.81,0,0#
0,3580,2.26,0,18.17,0,5.23,0,0#
0,3587,3.60,0,18.13,0,6.39,0,0#
0,3590,3.27,0,19.24,0,4.65,0,0#
0,3593,4.43,0,18.38,0,4.07,0,0#
0,3596,5.09,0,17.67,0,4.65,0,0#
0,3598,3.02,0,18.38,0,5.23,0,0#
0,3601,3.34,0,18.28,0,6.39,0,0#
0,3604,4.25,0,16.80,0,5.23,0,0#
0,3607,4.51,0,20.36,0,6.97,0,0#
0,3610,2.51,0,18.63,0,5.23,0,0#
0,3613,3.93,0,17.77,0,5.23,0,0#
0,3616,2.76,0,15.94,0,5.81,0,0#
0,3619,3.67,0,17.77,0,5.23,0,0#
0,3622,4.51,0,17.77,0,5.81,0,0#
0,3625,3.09,0,19.50,0,5.81,0,0#
0,3628,3.27,0,18.49,0,7.55,0,0#
0,3635,4.76,0,17.27,0,4.65,0,0#
0,3638,2.18,0,16.91,0,5.23,0,0#
0,3641,4.10,0,19.35,0,6.97,0,0#
0,3643,2.43,0,17.05,0,5.23,0,0#
0,3646,3.02,0,18.13,0,5.81,0,0#
0,3649,3.09,0,17.41,0,5.81,0,0#
0,3652,1.93,0,18.89,0,4.65,0,0#
0,3655,1.68,0,19.24,0,4.65,0,0#
0,3658,2.18,0,17.27,0,6.39,0,0#
0,3661,2.84,0,17.05,0,4.65,0,0#
0,3664,2.18,0,18.63,0,5.23,0,0#
0,3667,2.26,0,18.63,0,7.55,0,0#
0,3670,3.60,0,18.74,0,5.81,0,0#
0,3674,2.84,0,19.75,0,5.23,0,0#
0,3677,3.02,0,18.38,0,4.07,0,0#
0,3680,2.84,0,17.52,0,6.97,0,0#
0,3685,3.85,0,18.02,0,4.65,0,0#
0,3688,2.76,0,18.59,0,6.39,0,0#
0,3691,3.17,0,18.38,0,4.65,0,0#
0,3694,4.43,0,18.63,0,5.81,0,0#
0,3697,2.26,0,17.77,0,5.23,0,0#
0,3700,4.51,0,17.41,0,5.23,0,0#
0,3703,2.51,0,17.31,0,4.65,0,0#
0,3706,3.34,0,18.99,0,6.39,0,0#
0,3709,3.09,0,19.24,0,6.39,0,0#
0,3712,2.26,0,17.16,0,6.97,0,0#
0,3716,1.68,0,18.38,0,3.49,0,0#
0,3718,2.18,0,18.38,0,6.97,0,0#
0,3721,2.92,0,18.74,0,6.39,0,0#
0,3724,3.09,0,18.17,0,4.65,0,0#
0,3727,3.42,0,17.16,0,5.23,0,0#
0,3733,3.67,0,18.13,0,5.23,0,0#
0,3736,3.34,0,16.66,0,6.97,0,0#
0,3739,3.27,0,17.16,0,5.23,0,0#
0,3742,3.42,0,19.39,0,5.81,0,0#
0,3745,2.69,0,17.52,0,4.65,0,0#
0,3747,4.02,0,18.63,0,3.49,0,0#
0,3750,3.09,0,19.86,0,5.23,0,0#
0,3753,3.09,0,19.35,0,5.23,0,0#
0,3756,3.09,0,18.89,0,6.39,0,0#
0,3760,4.43,0,17.52,0,5.81,0,0#
0,3763,2.51,0,19.39,0,5.23,0,0#
0,3766,2.18,0,18.38,0,5.81,0,0#
0,3769,2.43,0,18.13,0,5.81,0,0#
0,3772,3.34,0,16.80,0,5.23,0,0#
0,3775,3.85,0,18.02,0,4.65,0,0#
0,3778,3.02,0,16.30,0,2.91,0,0#
0,3783,5.01,0,19.24,0,4.65,0,0#
0,3786,3.27,0,17.05,0,4.07,0,0#
0,3789,4.76,0,18.38,0,4.65,0,0#
0,3792,4.68,0,18.13,0,6.97,0,0#
0,3795,5.34,0,15.94,0,4.07,0,0#
0,3798,4.51,0,17.01,0,6.39,0,0#
0,3802,3.34,0,18.13,0,4.65,0,0#
0,3805,3.09,0,18.89,0,5.81,0,0#
0,3808,4.18,0,15.08,0,4.65,0,0#
0,3811,2.69,0,20.61,0,5.23,0,0#
0,3814,3.93,0,18.38,0,4.65,0,0#
0,3817,3.34,0,19.86,0,3.49,0,0#
0,3820,3.60,0,15.69,0,4.65,0,0#
0,3822,3.09,0,16.80,0,6.39,0,0#
0,3825,3.42,0,17.77,0,3.49,0,0#
0,3831,4.51,0,19.14,0,5.23,0,0#
0,3834,4.25,0,19.10,0,4.65,0,0#
0,3837,2.51,0,17.52,0,5.23,0,0#
0,3840,2.76,0,19.50,0,5.81,0,0#
0,3844,3.09,0,18.89,0,5.23,0,0#
0,3847,3.34,0,20.72,0,7.55,0,0#
0,3850,3.60,0,16.76,0,5.81,0,0#
0,3852,4.51,0,18.02,0,5.81,0,0#
0,3855,2.94,0,17.01,0,5.81,0,0#
0,3858,3.09,0,18.63,0,6.39,0,0#
0,3861,2.76,0,17.16,0,5.23,0,0#
0,3864,3.17,0,19.14,0,8.13,0,0#
0,3867,3.93,0,17.92,0,4.65,0,0#
0,3870,3.27,0,18.38,0,5.23,0,0#
0,3873,3.67,0,18.28,0,6.97,0,0#
0,3876,2.84,0,17.05,0,5.81,0,0#
0,3882,4.51,0,17.77,0,4.65,0,0#
0,3884,2.84,0,20.11,0,3.49,0,0#
0,3888,3.17,0,19.24,0,5.23,0,0#
0,3891,3.93,0,15.18,0,5.81,0,0#
0,3894,5.01,0,18.28,0,5.23,0,0#
0,3897,3.93,0,16.44,0,5.81,0,0#
0,3900,4.58,0,17.77,0,5.81,0,0#
0,3903,4.58,0,17.92,0,4.65,0,0#
0,3906,4.18,0,19.86,0,5.23,0,0#
0,3909,1.93,0,18.63,0,5.81,0,0#
0,3912,4.18,0,17.01,0,5.23,0,0#
0,3915,3.93,0,17.27,0,6.97,0,0#
0,3918,2.43,0,19.86,0,8.13,0,0#
0,3921,2.76,0,16.55,0,5.81,0,0#
0,3924,4.00,0,18.38,0,5.81,0,0#
0,3927,4.43,0,17.52,0,6.97,0,0#
0,3933,3.09,0,19.24,0,6.97,0,0#
0,3936,1.68,0,18.38,0,4.65,0,0#
0,3939,4.51,0,18.74,0,5.23,0,0#
0,3942,2.51,0,19.24,0,4.65,0,0#
0,3945,3.09,0,18.28,0,5.23,0,0#
0,3948,3.93,0,18.38,0,6.39,0,0#
0,3951,4.51,0,17.27,0,4.07,0,0#
0,3954,2.76,0,18.99,0,4.65,0,0#
0,3957,3.93,0,18.13,0,4.65,0,0#
0,3960,3.93,0,16.80,0,5.81,0,0#
0,3962,2.18,0,19.50,0,6.39,0,0#
0,3965,3.93,0,16.91,0,5.81,0,0#
0,3968,4.43,0,19.50,0,6.97,0,0#
0,3972,3.34,0,18.99,0,7.55,0,0#
0,3975,3.02,0,19.14,0,6.97,0,0#
0,3981,1.93,0,17.63,0,5.23,0,0#
0,3984,3.93,0,18.02,0,4.07,0,0#
0,3986,4.25,0,19.50,0,5.23,0,0#
0,3989,5.09,0,18.38,0,5.81,0,0#
0,3992,4.25,0,18.28,0,6.39,0,0#
0,3995,2.51,0,18.63,0,4.65,0,0#
0,3998,2.84,0,17.67,0,4.65,0,0#
0,4001,3.34,0,19.50,0,4.65,0,0#
0,4004,4.18,0,18.02,0,5.81,0,0#
0,4007,3.02,0,16.91,0,6.39,0,0#
0,4010,3.60,0,19.24,0,4.07,0,0#
0,4014,2.51,0,18.53,0,4.07,0,0#
0,4017,2.01,0,17.41,0,4.07,0,0#
0,4020,3.67,0,15.44,0,4.65,0,0#
0,4023,3.85,0,17.77,0,5.81,0,0#
0,4026,3.67,0,17.05,0,4.65,0,0#
0,4032,4.25,0,17.92,0,6.97,0,0#
0,4034,3.85,0,18.89,0,4.65,0,0#
0,4037,2.76,0,18.74,0,5.81,0,0#
0,4040,3.67,0,17.41,0,6.39,0,0#
0,4043,4.76,0,18.38,0,5.23,0,0#
0,4046,4.25,0,19.14,0,3.49,0,0#
0,4049,3.93,0,17.67,0,6.39,0,0#
0,4052,3.34,0,18.38,0,5.81,0,0#

numero,t,HDD1,HDD2,G1,G2,P1,P2,C,#
0,8,1.43,0,19.24,0,5.23,0,0#
0,12,3.34,0,18.89,0,5.81,0,0#
0,15,3.02,0,18.13,0,4.65,0,0#
0,18,2.84,0,18.74,0,4.65,0,0#
0,21,4.58,0,19.24,0,4.07,0,0#
0,23,3.34,0,18.63,0,6.39,0,0#
0,29,2.08,0,16.66,0,6.97,0,0#
0,32,3.42,0,19.86,0,7.55,0,0#
0,34,2.51,0,17.16,0,3.49,0,0#
0,37,3.93,0,17.67,0,5.81,0,0#
0,40,3.93,0,16.91,0,5.23,0,0#
0,43,4.00,0,18.28,0,4.65,0,0#
0,46,3.34,0,17.16,0,5.81,0,0#
0,49,1.68,0,18.89,0,5.23,0,0#
0,53,3.67,0,20.11,0,4.65,0,0#
0,55,2.26,0,18.38,0,5.23,0,0#
0,58,3.67,0,19.50,0,5.23,0,0#
0,61,4.43,0,18.38,0,6.97,0,0#
0,64,3.02,0,19.75,0,6.39,0,0#
0,67,3.60,0,17.67,0,7.55,0,0#
0,70,4.43,0,17.52,0,4.65,0,0#
0,73,2.18,0,18.02,0,6.39,0,0#
0,75,3.02,0,17.92,0,5.23,0,0#
0,81,2.51,0,19.75,0,5.81,0,0#
0,84,3.93,0,17.27,0,4.07,0,0#
0,86,3.09,0,18.13,0,5.23,0,0#
0,89,3.02,0,16.19,0,4.07,0,0#
0,92,3.60,0,16.66,0,3.49,0,0#
0,96,3.67,0,18.02,0,6.39,0,0#
0,99,2.76,0,19.60,0,3.49,0,0#
0,102,4.35,0,19.60,0,5.81,0,0#
0,105,3.27,0,19.86,0,6.97,0,0#
0,108,2.59,0,18.28,0,7.55,0,0#
0,110,2.59,0,17.16,0,5.23,0,0#
0,113,2.59,0,17.77,0,5.23,0,0#
0,116,2.76,0,17.67,0,8.72,0,0#
0,119,3.02,0,18.13,0,6.39,0,0#
0,122,3.60,0,18.53,0,4.07,0,0#
0,125,2.43,0,18.53,0,5.81,0,0#
0,130,6.00,0,17.77,0,3.49,0,0#
0,133,0.92,0,18.99,0,4.65,0,0#
0,136,4.76,0,19.60,0,2.91,0,0#
0,140,4.25,0,19.10,0,5.81,0,0#
0,143,3.34,0,17.67,0,5.81,0,0#
0,146,5.26,0,19.24,0,5.81,0,0#
0,149,2.26,0,19.86,0,6.39,0,0#
0,152,3.27,0,17.05,0,4.65,0,0#
0,154,3.85,0,18.89,0,5.23,0,0#
0,157,1.93,0,17.16,0,5.81,0,0#
0,160,2.26,0,18.13,0,5.81,0,0#
0,163,4.51,0,17.16,0,5.81,0,0#
0,166,5.26,0,18.13,0,5.81,0,0#
0,169,3.93,0,17.52,0,3.49,0,0#
0,172,2.18,0,16.91,0,5.81,0,0#
0,175,4.83,0,18.63,0,5.23,0,0#
0,181,4.33,0,18.49,0,4.65,0,0#
0,184,4.51,0,17.27,0,5.81,0,0#
0,187,4.10,0,16.30,0,5.23,0,0#
0,190,2.18,0,18.02,0,4.07,0,0#
0,193,4.18,0,17.77,0,5.23,0,0#
0,196,3.67,0,18.02,0,5.81,0,0#
0,198,4.51,0,17.05,0,4.65,0,0#
0,201,3.09,0,19.75,0,2.91,0,0#
0,204,4.25,0,17.41,0,5.81,0,0#
0,207,1.68,0,18.63,0,6.39,0,0#
0,210,3.27,0,18.02,0,5.23,0,0#
0,213,1.93,0,17.52,0,7.55,0,0#
0,216,2.51,0,18.63,0,5.23,0,0#
0,219,3.42,0,18.17,0,4.07,0,0#
0,223,3.34,0,20.86,0,6.97,0,0#
0,226,3.50,0,17.16,0,5.81,0,0#
0,231,3.67,0,16.91,0,5.81,0,0#
0,234,3.93,0,17.88,0,4.07,0,0#
0,237,3.09,0,19.86,0,5.23,0,0#
0,240,3.09,0,17.77,0,6.39,0,0#
0,242,4.43,0,17.27,0,4.07,0,0#
0,245,3.02,0,17.52,0,6.39,0,0#
0,248,3.60,0,16.30,0,5.81,0,0#
0,251,3.93,0,18.02,0,3.49,0,0#
0,254,4.35,0,18.99,0,6.97,0,0#
0,257,2.51,0,18.99,0,5.23,0,0#
0,260,2.76,0,20.00,0,5.81,0,0#
0,263,3.34,0,20.11,0,4.65,0,0#
0,267,2.76,0,18.63,0,4.65,0,0#
0,270,4.00,0,18.38,0,6.39,0,0#
0,272,3.67,0,19.75,0,7.55,0,0#
0,275,4.18,0,18.49,0,4.65,0,0#
0,281,3.67,0,17.77,0,6.97,0,0#
0,284,2.51,0,16.55,0,6.39,0,0#
0,286,4.51,0,18.53,0,7.55,0,0#
0,289,1.43,0,17.27,0,5.81,0,0#
0,292,2.51,0,19.14,0,6.39,0,0#
0,295,2.84,0,18.28,0,5.23,0,0#
0,298,3.60,0,18.53,0,5.23,0,0#
0,301,3.02,0,16.80,0,5.81,0,0#
0,304,3.42,0,20.36,0,6.97,0,0#
0,308,1.93,0,18.89,0,4.65,0,0#
0,311,3.34,0,17.52,0,7.55,0,0#
0,314,3.67,0,18.53,0,4.07,0,0#
0,316,3.67,0,16.30,0,6.39,0,0#
0,319,4.43,0,18.63,0,5.81,0,0#
0,322,3.02,0,17.41,0,5.81,0,0#
0,325,1.93,0,18.02,0,4.65,0,0#
0,330,4.76,0,17.63,0,5.23,0,0#
0,333,3.42,0,17.41,0,7.55,0,0#
0,336,3.93,0,18.02,0,4.65,0,0#
0,339,5.09,0,18.99,0,5.23,0,0#
0,342,2.51,0,17.52,0,4.07,0,0#
0,345,3.34,0,17.52,0,5.23,0,0#
0,348,2.76,0,18.02,0,8.13,0,0#
0,352,3.60,0,18.02,0,5.23,0,0#
0,355,2.43,0,17.27,0,6.97,0,0#
0,357,2.51,0,18.38,0,5.23,0,0#
0,360,3.09,0,18.89,0,5.23,0,0#
0,363,2.26,0,18.38,0,4.65,0,0#
0,366,3.27,0,19.14,0,5.81,0,0#
0,369,4.43,0,19.35,0,4.07,0,0#
0,372,3.09,0,19.14,0,5.23,0,0#
0,375,2.84,0,17.41,0,5.23,0,0#
0,381,2.84,0,18.63,0,5.23,0,0#
0,384,2.76,0,18.89,0,4.65,0,0#
0,386,3.09,0,18.89,0,6.97,0,0#
0,389,3.09,0,17.52,0,4.65,0,0#
0,392,2.51,0,18.63,0,4.07,0,0#
0,396,3.67,0,18.53,0,4.65,0,0#
0,399,3.75,0,18.63,0,5.81,0,0#
0,402,5.01,0,17.92,0,5.23,0,0#
0,405,3.09,0,19.50,0,5.81,0,0#
0,408,3.60,0,18.89,0,5.23,0,0#
0,411,1.75,0,17.16,0,5.23,0,0#
0,413,2.18,0,18.63,0,5.81,0,0#
0,416,2.76,0,16.66,0,4.07,0,0#
0,419,1.93,0,17.52,0,5.81,0,0#
0,422,1.68,0,17.52,0,4.65,0,0#
0,425,2.18,0,16.66,0,5.81,0,0#
0,431,4.76,0,19.86,0,5.23,0,0#
0,433,2.26,0,17.77,0,4.07,0,0#
0,437,5.01,0,19.18,0,5.23,0,0#
0,440,3.42,0,18.38,0,5.23,0,0#
0,443,2.76,0,19.86,0,6.39,0,0#
0,446,2.76,0,18.38,0,5.23,0,0#
0,449,3.09,0,20.72,0,5.23,0,0#
0,452,2.18,0,19.24,0,4.07,0,0#
0,455,5.34,0,19.39,0,5.23,0,0#
0,458,3.85,0,18.02,0,5.23,0,0#
0,461,3.60,0,19.24,0,4.65,0,0#
0,463,2.76,0,17.52,0,4.07,0,0#
0,466,4.18,0,21.08,0,6.39,0,0#
0,469,3.60,0,17.16,0,4.65,0,0#
0,472,3.17,0,18.38,0,5.81,0,0#
0,475,3.93,0,18.38,0,6.97,0,0#
0,482,3.77,0,19.24,0,5.81,0,0#
0,484,3.60,0,17.27,0,4.65,0,0#
0,487,3.67,0,19.14,0,6.97,0,0#
0,490,3.42,0,16.91,0,4.65,0,0#
0,493,3.02,0,18.38,0,5.23,0,0#
0,496,3.09,0,17.88,0,5.23,0,0#
0,499,3.67,0,18.49,0,4.07,0,0#
0,502,3.02,0,18.38,0,5.81,0,0#
0,505,3.93,0,20.11,0,5.23,0,0#
0,508,4.18,0,17.77,0,5.23,0,0#
0,510,4.25,0,18.89,0,5.23,0,0#
0,513,2.59,0,18.38,0,5.81,0,0#
0,516,4.25,0,18.63,0,6.39,0,0#
0,519,4.43,0,19.14,0,4.07,0,0#
0,523,4.51,0,18.63,0,4.65,0,0#
0,526,2.66,0,17.77,0,5.81,0,0#
0,532,2.18,0,18.02,0,5.81,0,0#
0,534,3.77,0,18.13,0,5.81,0,0#
0,537,1.93,0,18.99,0,5.81,0,0#
0,540,2.51,0,19.79,0,7.55,0,0#
0,543,3.09,0,19.60,0,6.97,0,0#
0,546,2.76,0,16.19,0,4.65,0,0#
0,549,3.93,0,18.89,0,5.23,0,0#
0,552,1.68,0,19.75,0,6.97,0,0#
0,555,2.76,0,16.91,0,7.55,0,0#
0,558,2.51,0,16.91,0,5.81,0,0#
0,560,3.09,0,18.28,0,6.39,0,0#
0,564,2.18,0,17.52,0,4.07,0,0#
0,567,2.26,0,16.80,0,5.23,0,0#
0,570,4.00,0,18.63,0,6.39,0,0#
0,573,3.85,0,16.40,0,5.23,0,0#
0,576,2.59,0,17.67,0,6.97,0,0#
0,581,4.18,0,17.41,0,6.39,0,0#
0,584,2.84,0,18.28,0,5.81,0,0#
0,587,4.51,0,17.52,0,6.39,0,0#
0,590,2.84,0,17.92,0,4.65,0,0#
0,593,2.18,0,18.63,0,4.07,0,0#
0,596,3.93,0,20.72,0,5.23,0,0#
0,599,2.59,0,18.13,0,5.81,0,0#
0,602,2.51,0,19.50,0,4.07,0,0#
0,605,3.67,0,18.89,0,4.07,0,0#
0,609,3.02,0,19.75,0,5.23,0,0#
0,611,2.59,0,19.50,0,6.97,0,0#
0,614,3.67,0,17.01,0,5.81,0,0#
0,617,4.18,0,18.53,0,6.97,0,0#
0,620,3.09,0,18.53,0,6.39,0,0#
0,623,3.42,0,19.14,0,5.23,0,0#
0,626,3.93,0,18.63,0,5.81,0,0#
0,631,4.43,0,19.24,0,5.23,0,0#
0,634,4.43,0,18.13,0,4.65,0,0#
0,637,2.18,0,17.27,0,5.23,0,0#
0,640,2.18,0,17.67,0,5.81,0,0#
0,643,3.60,0,17.88,0,5.81,0,0#
0,646,3.02,0,18.63,0,4.65,0,0#
0,650,3.09,0,20.72,0,6.97,0,0#
0,653,3.34,0,19.50,0,4.65,0,0#
0,656,4.00,0,17.41,0,5.81,0,0#
0,659,4.25,0,18.74,0,6.39,0,0#
0,661,2.51,0,16.80,0,6.97,0,0#
0,664,3.02,0,19.86,0,6.39,0,0#
0,667,2.51,0,17.41,0,4.07,0,0#
0,670,4.58,0,18.02,0,5.81,0,0#
0,673,3.09,0,17.52,0,6.97,0,0#
0,676,4.18,0,19.50,0,6.39,0,0#
0,686,2.18,0,19.75,0,4.07,0,0#
0,689,3.67,0,17.92,0,4.65,0,0#
0,693,1.93,0,17.01,0,4.65,0,0#
0,696,4.51,0,17.52,0,6.39,0,0#
0,699,2.01,0,18.89,0,6.97,0,0#
0,701,4.00,0,19.75,0,5.81,0,0#
0,704,3.34,0,17.41,0,6.39,0,0#
0,707,2.18,0,18.38,0,6.39,0,0#
0,710,2.76,0,19.50,0,5.23,0,0#
0,713,2.76,0,18.38,0,6.97,0,0#
0,716,2.69,0,19.71,0,6.97,0,0#
0,719,2.76,0,17.27,0,6.39,0,0#
0,722,3.02,0,19.86,0,5.23,0,0#
0,725,4.18,0,17.77,0,5.23,0,0#
0,728,3.60,0,16.30,0,5.81,0,0#
0,730,1.68,0,18.28,0,5.81,0,0#
0,737,4.76,0,18.02,0,6.39,0,0#
0,740,3.09,0,20.11,0,5.81,0,0#
0,743,3.34,0,19.50,0,4.65,0,0#
0,745,3.34,0,19.50,0,6.39,0,0#
0,748,2.76,0,17.16,0,6.39,0,0#
0,751,3.67,0,16.05,0,6.39,0,0#
0,754,4.51,0,18.63,0,4.07,0,0#
0,757,2.43,0,20.11,0,4.65,0,0#
0,760,3.50,0,17.77,0,5.23,0,0#
0,763,3.09,0,19.50,0,6.39,0,0#
0,766,3.09,0,19.14,0,4.07,0,0#
0,769,4.25,0,17.88,0,5.23,0,0#
0,772,2.26,0,16.91,0,5.81,0,0#
0,774,2.84,0,19.24,0,5.81,0,0#
0,778,3.93,0,17.16,0,5.23,0,0#
0,781,4.51,0,17.92,0,4.65,0,0#
0,787,4.68,0,17.27,0,5.23,0,0#
0,790,2.69,0,17.52,0,5.81,0,0#
0,793,2.76,0,18.63,0,8.13,0,0#
0,796,3.93,0,17.41,0,6.39,0,0#
0,799,4.51,0,17.88,0,4.65,0,0#
0,802,3.75,0,17.16,0,5.81,0,0#
0,804,4.18,0,16.66,0,6.97,0,0#
0,807,3.67,0,19.86,0,5.81,0,0#
0,810,2.26,0,18.99,0,4.65,0,0#
0,813,3.42,0,16.66,0,4.65,0,0#
0,816,2.76,0,17.88,0,5.81,0,0#
0,820,3.67,0,18.63,0,4.65,0,0#
0,823,3.34,0,18.63,0,5.23,0,0#
0,826,3.60,0,18.89,0,5.81,0,0#
0,829,2.18,0,17.77,0,4.65,0,0#
0,831,2.94,0,18.63,0,4.65,0,0#
0,837,3.60,0,17.77,0,6.39,0,0#
0,840,3.09,0,17.05,0,6.97,0,0#
0,843,2.18,0,16.91,0,6.39,0,0#
0,846,4.51,0,17.88,0,4.65,0,0#
0,849,2.76,0,19.86,0,5.23,0,0#
0,851,2.51,0,18.89,0,4.65,0,0#
0,854,4.35,0,17.52,0,7.55,0,0#
0,857,4.51,0,18.38,0,8.72,0,0#
0,860,3.42,0,18.74,0,6.97,0,0#
0,864,3.09,0,19.50,0,3.49,0,0#
0,867,3.17,0,18.28,0,5.81,0,0#
0,870,3.17,0,18.89,0,4.07,0,0#
0,873,4.08,0,18.63,0,5.23,0,0#
0,876,2.51,0,18.38,0,4.65,0,0#
0,879,4.35,0,19.35,0,5.23,0,0#
0,881,4.68,0,18.89,0,6.97,0,0#
0,887,4.00,0,18.74,0,4.65,0,0#
0,890,3.34,0,17.27,0,6.39,0,0#
0,893,2.84,0,17.41,0,4.07,0,0#
0,896,3.67,0,18.63,0,4.65,0,0#
0,899,4.18,0,18.02,0,5.23,0,0#
0,901,2.51,0,16.55,0,5.81,0,0#
0,904,2.34,0,20.47,0,4.65,0,0#
0,908,3.09,0,17.05,0,5.23,0,0#
0,911,3.93,0,17.77,0,6.39,0,0#
0,914,2.01,0,19.10,0,4.07,0,0#
0,917,4.51,0,17.41,0,5.23,0,0#
0,920,2.76,0,17.16,0,4.65,0,0#
0,923,3.60,0,17.41,0,5.23,0,0#
0,926,3.09,0,17.52,0,4.65,0,0#
0,928,1.75,0,19.24,0,6.39,0,0#
0,931,3.60,0,18.63,0,3.49,0,0#
0,937,2.18,0,16.80,0,6.39,0,0#
0,940,3.67,0,18.63,0,4.07,0,0#
0,943,4.18,0,18.53,0,6.39,0,0#
0,946,4.76,0,17.52,0,6.39,0,0#
0,949,3.52,0,17.52,0,5.81,0,0#
0,952,1.17,0,17.92,0,5.23,0,0#
0,955,1.93,0,19.60,0,5.81,0,0#
0,958,3.85,0,20.11,0,4.07,0,0#
0,961,3.17,0,17.77,0,6.97,0,0#
0,964,3.27,0,19.14,0,4.65,0,0#
0,967,2.84,0,19.14,0,5.23,0,0#
0,970,5.34,0,17.52,0,5.23,0,0#
0,973,3.42,0,17.52,0,4.65,0,0#
0,975,3.85,0,18.63,0,6.39,0,0#
0,978,5.16,0,18.13,0,5.81,0,0#
0,981,3.42,0,16.66,0,5.23,0,0#
0,987,5.01,0,17.27,0,5.81,0,0#
0,991,3.67,0,18.38,0,5.23,0,0#
0,994,3.42,0,18.02,0,5.23,0,0#
0,996,3.02,0,18.38,0,4.65,0,0#
0,999,3.77,0,17.16,0,5.23,0,0#
0,1002,2.18,0,19.64,0,6.39,0,0#
0,1005,5.01,0,17.41,0,5.23,0,0#
0,1008,3.60,0,18.99,0,4.65,0,0#
0,1011,3.85,0,18.02,0,4.65,0,0#
0,1014,2.26,0,16.66,0,5.81,0,0#
0,1017,4.51,0,16.55,0,5.23,0,0#
0,1020,3.93,0,18.85,0,6.97,0,0#
0,1023,4.00,0,17.67,0,6.97,0,0#
0,1026,5.26,0,19.86,0,6.39,0,0#
0,1029,3.42,0,18.17,0,9.30,0,0#
0,1032,3.09,0,16.66,0,5.23,0,0#
0,1038,2.76,0,18.28,0,7.55,0,0#
0,1041,3.27,0,17.52,0,6.97,0,0#
0,1044,3.09,0,18.63,0,12.78,0,0#
0,1047,2.43,0,19.60,0,5.23,0,0#
0,1050,2.76,0,17.67,0,30.21,0,0#
0,1053,3.34,0,17.88,0,4.07,0,0#
0,1056,3.09,0,17.67,0,6.39,0,0#
0,1059,2.51,0,16.72,0,4.65,0,0#
0,1062,4.25,0,20.97,0,4.65,0,0#
0,1065,3.93,0,15.50,0,5.81,0,0#
0,1068,3.09,0,19.24,0,6.39,0,0#
0,1070,2.43,0,17.41,0,5.81,0,0#
0,1073,2.84,0,17.67,0,7.55,0,0#
0,1077,3.09,0,18.38,0,5.23,0,0#
0,1080,3.09,0,18.28,0,5.81,0,0#
0,1086,3.85,0,16.30,0,5.81,0,0#
0,1089,3.02,0,17.27,0,5.23,0,0#
0,1092,3.09,0,17.05,0,5.81,0,0#
0,1095,2.76,0,17.05,0,6.39,0,0#
0,1098,5.01,0,18.38,0,4.65,0,0#
0,1100,3.34,0,18.13,0,6.39,0,0#
0,1103,3.67,0,18.49,0,4.65,0,0#
0,1106,2.76,0,17.77,0,20.92,0,0#
0,1109,2.01,0,18.02,0,10.46,0,0#
0,1112,4.25,0,17.77,0,4.07,0,0#
0,1115,4.25,0,19.50,0,20.92,0,0#
0,1119,2.18,0,19.50,0,6.39,0,0#
0,1122,3.34,0,18.02,0,6.39,0,0#
0,1125,4.83,0,18.85,0,16.85,0,0#
0,1128,3.09,0,18.74,0,4.07,0,0#
0,1131,3.17,0,18.38,0,4.07,0,0#
0,1136,4.43,0,18.38,0,6.39,0,0#
0,1139,3.02,0,18.53,0,5.81,0,0#
0,1142,3.93,0,17.27,0,37.18,0,0#
0,1145,3.67,0,18.74,0,29.05,0,0#
0,1148,4.43,0,16.91,0,30.21,0,0#
0,1151,2.59,0,18.28,0,37.77,0,0#
0,1154,3.93,0,18.28,0,5.23,0,0#
0,1157,4.68,0,20.11,0,29.63,0,0#
0,1160,5.34,0,17.63,0,61.59,0,0#
0,1164,3.34,0,18.63,0,30.79,0,0#
0,1167,3.67,0,17.52,0,30.21,0,0#
0,1170,4.51,0,16.05,0,48.80,0,0#
0,1173,2.51,0,17.27,0,41.83,0,0#
0,1176,3.93,0,16.80,0,37.77,0,0#
0,1179,2.34,0,19.86,0,80.76,0,0#
0,1185,3.27,0,16.30,0,49.39,0,0#
0,1188,2.84,0,14.78,0,61.59,0,0#
0,1191,2.84,0,19.35,0,42.99,0,0#
0,1194,3.09,0,16.55,0,41.25,0,0#
0,1197,4.25,0,17.88,0,38.35,0,0#
0,1200,5.09,0,16.91,0,37.77,0,0#
0,1204,2.76,0,18.53,0,40.67,0,0#
0,1207,5.42,0,17.92,0,44.16,0,0#
0,1210,2.84,0,17.88,0,40.09,0,0#
0,1213,2.84,0,19.60,0,41.25,0,0#
0,1216,3.42,0,20.25,0,41.83,0,0#
0,1219,3.60,0,17.52,0,45.32,0,0#
0,1222,3.34,0,18.28,0,39.51,0,0#
0,1225,3.67,0,18.89,0,40.09,0,0#
0,1228,5.01,0,19.24,0,51.13,0,0#
0,1233,3.09,0,17.16,0,47.06,0,0#
0,1236,3.60,0,17.16,0,43.58,0,0#
0,1239,3.67,0,18.99,0,41.25,0,0#
0,1242,2.26,0,19.50,0,40.67,0,0#
0,1245,2.51,0,19.24,0,36.02,0,0#
0,1249,2.26,0,18.89,0,27.31,0,0#
0,1252,3.34,0,18.28,0,29.05,0,0#
0,1255,3.02,0,18.99,0,30.79,0,0#
0,1258,4.25,0,18.28,0,27.89,0,0#
0,1261,3.17,0,21.08,0,30.21,0,0#
0,1264,4.18,0,17.01,0,48.80,0,0#
0,1267,2.84,0,16.30,0,27.89,0,0#
0,1270,3.09,0,18.13,0,27.89,0,0#
0,1273,3.67,0,18.63,0,33.12,0,0#
0,1275,3.60,0,19.24,0,28.47,0,0#
0,1281,4.35,0,17.77,0,55.20,0,0#
0,1284,3.02,0,18.38,0,29.05,0,0#
0,1287,4.76,0,17.16,0,26.15,0,0#
0,1291,2.26,0,18.89,0,44.74,0,0#
0,1294,2.76,0,18.13,0,29.05,0,0#
0,1297,4.18,0,17.77,0,25.56,0,0#
0,1300,2.84,0,18.99,0,36.02,0,0#
0,1303,3.09,0,19.39,0,26.73,0,0#
0,1306,2.01,0,18.74,0,40.67,0,0#
0,1309,3.67,0,27.21,0,31.96,0,0#
0,1312,2.76,0,18.53,0,28.47,0,0#
0,1315,3.67,0,20.00,0,30.21,0,0#
0,1317,3.67,0,17.16,0,42.99,0,0#
0,1320,3.67,0,19.50,0,30.21,0,0#
0,1323,2.01,0,18.89,0,34.28,0,0#
0,1329,3.34,0,17.67,0,23.82,0,0#
0,1333,3.93,0,18.89,0,20.92,0,0#
0,1336,3.67,0,17.77,0,8.13,0,0#
0,1339,3.42,0,18.99,0,5.81,0,0#
0,1342,3.09,0,18.38,0,18.59,0,0#
0,1345,3.52,0,19.39,0,4.65,0,0#
0,1347,3.67,0,17.52,0,5.23,0,0#
0,1350,2.43,0,17.77,0,20.34,0,0#
0,1353,3.67,0,19.50,0,11.62,0,0#
0,1356,4.83,0,19.86,0,20.92,0,0#
0,1359,3.09,0,16.80,0,5.81,0,0#
0,1362,3.93,0,17.41,0,18.01,0,0#
0,1365,3.09,0,19.14,0,16.27,0,0#
0,1368,2.69,0,18.28,0,5.23,0,0#
0,1371,2.76,0,18.99,0,15.69,0,0#
0,1378,3.67,0,16.80,0,19.75,0,0#
0,1380,3.34,0,17.77,0,3.49,0,0#
0,1383,3.42,0,18.17,0,28.47,0,0#
0,1386,3.42,0,21.08,0,6.39,0,0#
0,1389,2.51,0,20.11,0,19.75,0,0#
0,1392,3.19,0,18.89,0,4.07,0,0#
0,1395,3.02,0,17.41,0,21.50,0,0#
0,1398,2.43,0,17.67,0,6.39,0,0#
0,1401,5.34,0,18.02,0,19.17,0,0#
0,1404,3.34,0,18.89,0,4.07,0,0#
0,1407,4.25,0,18.63,0,5.81,0,0#
0,1410,4.43,0,16.66,0,3.49,0,0#
0,1413,4.43,0,17.16,0,10.46,0,0#
0,1416,3.67,0,18.53,0,5.81,0,0#
0,1420,3.02,0,18.02,0,6.97,0,0#
0,1425,2.76,0,18.28,0,15.69,0,0#
0,1428,3.60,0,18.53,0,6.97,0,0#
0,1431,3.09,0,18.63,0,3.49,0,0#
0,1434,3.85,0,18.13,0,23.24,0,0#
0,1437,3.67,0,19.75,0,10.46,0,0#
0,1440,3.27,0,16.55,0,38.35,0,0#
0,1443,1.93,0,18.99,0,8.13,0,0#
0,1446,2.18,0,18.38,0,16.85,0,0#
0,1449,3.67,0,18.28,0,12.78,0,0#
0,1452,3.60,0,18.02,0,16.27,0,0#
0,1455,2.76,0,17.16,0,6.39,0,0#
0,1458,2.18,0,18.13,0,9.88,0,0#
0,1462,2.18,0,19.24,0,19.17,0,0#
0,1465,4.25,0,18.53,0,5.81,0,0#
0,1468,3.60,0,18.89,0,10.46,0,0#
0,1471,1.93,0,16.66,0,5.81,0,0#
0,1476,4.25,0,19.75,0,4.07,0,0#
0,1479,2.51,0,19.39,0,12.78,0,0#
0,1482,3.60,0,18.53,0,4.07,0,0#
0,1485,1.93,0,17.31,0,20.92,0,0#
0,1488,2.59,0,17.31,0,5.23,0,0#
0,1491,3.09,0,17.52,0,26.15,0,0#
0,1494,3.85,0,18.89,0,5.23,0,0#
0,1496,1.68,0,18.49,0,33.12,0,0#
0,1499,4.76,0,17.92,0,13.36,0,0#
0,1503,4.43,0,17.77,0,14.53,0,0#
0,1506,2.26,0,18.02,0,12.20,0,0#
0,1509,3.52,0,18.13,0,20.92,0,0#
0,1512,3.17,0,17.05,0,5.81,0,0#
0,1515,3.93,0,18.89,0,20.34,0,0#
0,1518,3.27,0,19.03,0,4.07,0,0#
0,1524,3.34,0,19.50,0,17.43,0,0#
0,1526,2.51,0,17.77,0,15.11,0,0#
0,1529,3.42,0,17.67,0,6.39,0,0#
0,1532,2.18,0,16.30,0,32.54,0,0#
0,1535,4.25,0,17.56,0,5.81,0,0#
0,1538,2.76,0,18.74,0,37.18,0,0#
0,1541,1.68,0,17.77,0,9.88,0,0#
0,1544,2.43,0,17.16,0,5.81,0,0#
0,1548,2.84,0,18.89,0,5.81,0,0#
0,1551,3.52,0,18.13,0,6.39,0,0#
0,1554,4.25,0,17.77,0,6.39,0,0#
0,1557,3.34,0,18.02,0,4.65,0,0#
0,1560,3.93,0,18.99,0,6.97,0,0#
0,1563,3.42,0,18.38,0,6.97,0,0#
0,1566,2.59,0,18.38,0,4.07,0,0#
0,1572,4.25,0,18.49,0,5.23,0,0#
0,1574,3.17,0,19.24,0,6.39,0,0#
0,1577,2.76,0,18.49,0,6.39,0,0#
0,1580,3.02,0,18.74,0,4.65,0,0#
0,1583,5.01,0,18.13,0,4.65,0,0#
0,1586,2.84,0,18.63,0,5.23,0,0#
0,1590,3.09,0,16.55,0,4.65,0,0#
0,1593,4.25,0,17.16,0,5.81,0,0#
0,1596,2.66,0,16.44,0,8.13,0,0#
0,1599,3.34,0,18.89,0,5.81,0,0#
0,1602,6.25,0,19.50,0,5.81,0,0#
0,1605,2.94,0,17.77,0,6.39,0,0#
0,1608,4.51,0,18.78,0,6.39,0,0#
0,1611,3.02,0,18.17,0,4.65,0,0#
0,1614,3.02,0,18.53,0,1.74,0,0#
0,1617,3.60,0,19.50,0,4.07,0,0#
0,1622,3.09,0,16.80,0,7.55,0,0#
0,1625,5.01,0,18.89,0,4.65,0,0#
0,1628,3.42,0,17.27,0,5.23,0,0#
0,1632,2.51,0,18.49,0,6.39,0,0#
0,1635,5.34,0,18.13,0,6.97,0,0#
0,1638,3.85,0,17.92,0,5.23,0,0#
0,1641,4.25,0,17.88,0,4.07,0,0#
0,1644,3.60,0,17.77,0,6.97,0,0#
0,1647,2.26,0,17.77,0,6.97,0,0#
0,1650,5.09,0,17.77,0,5.81,0,0#
0,1652,6.10,0,17.27,0,6.39,0,0#
0,1655,3.34,0,19.50,0,6.39,0,0#
0,1658,3.34,0,16.80,0,6.97,0,0#
0,1661,3.93,0,17.01,0,5.23,0,0#
0,1664,2.69,0,18.99,0,5.23,0,0#
0,1670,2.26,0,17.41,0,5.81,0,0#
0,1674,4.43,0,19.39,0,5.81,0,0#
0,1677,3.09,0,18.89,0,6.39,0,0#
0,1679,3.34,0,18.02,0,5.23,0,0#
0,1682,3.60,0,18.02,0,4.65,0,0#
0,1685,2.76,0,18.02,0,4.65,0,0#
0,1688,1.93,0,18.28,0,5.23,0,0#
0,1691,5.09,0,18.28,0,6.39,0,0#
0,1694,3.27,0,17.41,0,5.81,0,0#
0,1697,2.51,0,20.36,0,4.65,0,0#
0,1700,4.25,0,19.86,0,4.65,0,0#
0,1703,3.02,0,18.28,0,6.39,0,0#
0,1706,2.34,0,19.86,0,7.55,0,0#
0,1709,2.43,0,16.66,0,5.81,0,0#
0,1712,3.34,0,17.27,0,5.23,0,0#
0,1716,4.18,0,21.33,0,5.81,0,0#
0,1721,3.42,0,18.02,0,6.97,0,0#
0,1724,3.02,0,18.89,0,4.07,0,0#
0,1727,3.60,0,17.27,0,6.97,0,0#
0,1730,3.34,0,15.79,0,6.97,0,0#
0,1733,2.76,0,20.11,0,6.97,0,0#
0,1736,3.34,0,17.16,0,6.97,0,0#
0,1739,2.01,0,17.52,0,4.65,0,0#
0,1742,3.02,0,18.63,0,5.23,0,0#
0,1745,2.59,0,19.50,0,5.23,0,0#
0,1748,3.67,0,18.42,0,6.39,0,0#
0,1751,2.51,0,18.53,0,5.81,0,0#
0,1754,3.34,0,17.41,0,5.81,0,0#
0,1756,3.34,0,18.38,0,5.81,0,0#
0,1760,3.42,0,18.74,0,5.23,0,0#
0,1763,3.34,0,17.41,0,6.39,0,0#
0,1769,5.01,0,19.75,0,7.55,0,0#
0,1772,3.34,0,18.13,0,4.65,0,0#
0,1775,2.51,0,17.77,0,4.65,0,0#
0,1778,3.42,0,17.41,0,4.65,0,0#
0,1781,2.26,0,17.41,0,5.81,0,0#
0,1784,4.18,0,17.27,0,4.07,0,0#
0,1786,2.26,0,18.24,0,4.07,0,0#
0,1789,4.83,0,18.74,0,6.39,0,0#
0,1792,3.75,0,17.77,0,5.81,0,0#
0,1795,5.92,0,18.28,0,5.81,0,0#
0,1798,3.34,0,19.24,0,4.07,0,0#
0,1802,2.59,0,18.02,0,5.23,0,0#
0,1805,4.18,0,18.49,0,5.81,0,0#
0,1808,3.67,0,18.38,0,4.65,0,0#
0,1811,2.43,0,19.60,0,6.97,0,0#
0,1814,2.51,0,17.67,0,5.23,0,0#
0,1819,4.43,0,17.05,0,4.65,0,0#
0,1822,3.67,0,17.67,0,6.39,0,0#
0,1825,3.34,0,18.63,0,6.39,0,0#
0,1828,2.26,0,18.74,0,7.55,0,0#
0,1831,3.17,0,17.52,0,5.81,0,0#
0,1834,3.85,0,18.38,0,4.65,0,0#
0,1837,3.27,0,17.52,0,3.49,0,0#
0,1840,2.69,0,18.13,0,4.65,0,0#
0,1844,3.34,0,19.50,0,6.97,0,0#
0,1847,3.93,0,18.53,0,5.23,0,0#
0,1850,2.84,0,19.03,0,5.81,0,0#
0,1853,2.18,0,18.53,0,6.39,0,0#
0,1856,3.34,0,18.63,0,5.81,0,0#
0,1859,2.01,0,17.77,0,5.81,0,0#
0,1862,3.93,0,17.77,0,6.39,0,0#
0,1867,3.93,0,16.30,0,4.07,0,0#
0,1870,2.26,0,19.75,0,6.39,0,0#
0,1873,3.67,0,17.52,0,4.07,0,0#
0,1876,2.76,0,18.28,0,5.23,0,0#
0,1879,4.25,0,18.53,0,4.65,0,0#
0,1882,4.10,0,18.89,0,5.81,0,0#
0,1885,2.51,0,17.77,0,4.65,0,0#
0,1889,3.09,0,18.78,0,4.65,0,0#
0,1892,2.76,0,19.14,0,5.81,0,0#
0,1894,2.51,0,18.89,0,7.55,0,0#
0,1897,3.67,0,16.80,0,6.39,0,0#
0,1900,3.34,0,18.63,0,8.13,0,0#
0,1903,3.93,0,18.63,0,6.39,0,0#
0,1906,3.09,0,18.63,0,4.65,0,0#
0,1909,2.69,0,18.38,0,5.23,0,0#
0,1912,2.43,0,17.52,0,4.07,0,0#
0,1917,2.43,0,18.53,0,6.97,0,0#
0,1920,3.17,0,18.99,0,6.39,0,0#
0,1923,3.34,0,18.02,0,5.23,0,0#
0,1926,4.25,0,18.49,0,5.23,0,0#
0,1930,4.18,0,18.53,0,5.23,0,0#
0,1933,4.76,0,17.67,0,6.39,0,0#
0,1936,2.43,0,17.67,0,6.39,0,0#
0,1939,3.09,0,19.71,0,5.81,0,0#
0,1942,3.02,0,18.02,0,7.55,0,0#
0,1945,2.18,0,17.27,0,6.39,0,0#
0,1948,3.27,0,17.41,0,4.65,0,0#
0,1951,3.34,0,18.63,0,5.81,0,0#
0,1954,3.42,0,18.38,0,4.65,0,0#
0,1957,3.34,0,17.41,0,6.39,0,0#
0,1960,3.09,0,17.41,0,5.23,0,0#
0,1965,3.34,0,19.24,0,4.07,0,0#
0,1968,2.69,0,19.24,0,4.65,0,0#
0,1972,3.09,0,17.41,0,6.97,0,0#
0,1975,3.67,0,18.74,0,4.65,0,0#
0,1978,2.51,0,17.41,0,5.23,0,0#
0,1981,2.26,0,17.16,0,6.39,0,0#
0,1984,4.58,0,19.14,0,4.65,0,0#
0,1987,3.93,0,18.13,0,5.81,0,0#
0,1990,3.09,0,17.67,0,4.07,0,0#
0,1993,4.51,0,17.77,0,3.49,0,0#
0,1996,2.01,0,18.13,0,7.55,0,0#
0,1999,1.68,0,18.99,0,4.65,0,0#
0,2002,1.93,0,19.14,0,5.23,0,0#
0,2005,4.18,0,18.53,0,6.39,0,0#
0,2007,3.67,0,19.75,0,4.65,0,0#
0,2010,1.43,0,19.14,0,5.81,0,0#
0,2017,4.43,0,16.40,0,5.81,0,0#
0,2020,3.93,0,16.44,0,4.65,0,0#
0,2023,1.93,0,18.99,0,6.97,0,0#
0,2026,4.43,0,17.52,0,4.65,0,0#
0,2029,4.51,0,17.77,0,4.65,0,0#
0,2032,4.76,0,19.24,0,5.81,0,0#
0,2035,5.34,0,18.63,0,4.65,0,0#
0,2037,2.18,0,18.02,0,6.39,0,0#
0,2040,2.84,0,18.99,0,3.49,0,0#
0,2043,4.18,0,19.50,0,6.97,0,0#
0,2046,2.43,0,18.63,0,2.91,0,0#
0,2049,3.60,0,19.35,0,6.39,0,0#
0,2052,3.93,0,19.50,0,5.81,0,0#
0,2055,2.26,0,17.77,0,5.81,0,0#
0,2059,3.67,0,16.95,0,5.23,0,0#
0,2062,3.34,0,18.99,0,5.23,0,0#
0,2067,5.92,0,16.40,0,5.81,0,0#
0,2070,3.93,0,17.41,0,8.13,0,0#
0,2073,4.00,0,19.14,0,6.39,0,0#
0,2076,3.60,0,18.38,0,5.23,0,0#
0,2079,2.84,0,17.16,0,5.23,0,0#
0,2082,2.51,0,18.02,0,5.23,0,0#
0,2085,3.34,0,17.27,0,5.81,0,0#
0,2088,2.51,0,18.02,0,5.23,0,0#
0,2091,3.02,0,18.13,0,4.65,0,0#
0,2094,4.76,0,18.28,0,5.81,0,0#
0,2097,5.34,0,17.88,0,4.07,0,0#
0,2101,3.67,0,18.89,0,6.39,0,0#
0,2104,3.60,0,20.11,0,6.39,0,0#
0,2107,1.43,0,18.89,0,6.39,0,0#
0,2110,2.01,0,17.52,0,5.23,0,0#
0,2115,3.09,0,18.28,0,7.55,0,0#
0,2118,3.09,0,19.14,0,4.07,0,0#
0,2121,2.18,0,17.77,0,5.81,0,0#
0,2124,4.18,0,17.01,0,5.81,0,0#
0,2127,3.52,0,17.41,0,5.23,0,0#
0,2130,3.67,0,16.91,0,4.65,0,0#
0,2133,2.84,0,18.13,0,6.97,0,0#
0,2136,3.09,0,18.38,0,5.81,0,0#
0,2139,2.76,0,18.49,0,5.81,0,0#
0,2141,4.25,0,18.38,0,6.39,0,0#
0,2145,2.34,0,18.24,0,4.65,0,0#
0,2148,2.51,0,19.24,0,5.23,0,0#
0,2151,1.93,0,17.41,0,2.32,0,0#
0,2154,4.76,0,18.49,0,4.07,0,0#
0,2157,1.68,0,18.02,0,4.65,0,0#
0,2160,3.93,0,17.41,0,5.81,0,0#
0,2166,4.43,0,18.13,0,5.81,0,0#
0,2169,3.93,0,18.13,0,5.23,0,0#
0,2172,2.76,0,18.99,0,2.91,0,0#
0,2174,2.51,0,17.77,0,4.65,0,0#
0,2177,2.34,0,18.02,0,6.97,0,0#
0,2180,4.43,0,18.38,0,4.65,0,0#
0,2183,3.60,0,17.16,0,6.39,0,0#
0,2187,3.93,0,17.67,0,6.39,0,0#
0,2190,5.34,0,18.74,0,4.65,0,0#
0,2193,3.42,0,19.24,0,5.23,0,0#
0,2196,1.93,0,17.52,0,6.97,0,0#
0,2199,2.84,0,18.28,0,3.49,0,0#
0,2202,3.85,0,19.35,0,4.65,0,0#
0,2205,2.26,0,18.63,0,4.65,0,0#
0,2208,2.69,0,17.16,0,4.07,0,0#
0,2213,4.58,0,18.24,0,4.65,0,0#
0,2216,3.09,0,18.89,0,5.81,0,0#
0,2219,2.76,0,18.74,0,5.23,0,0#
0,2222,2.51,0,18.02,0,5.81,0,0#
0,2225,2.59,0,18.89,0,6.39,0,0#
0,2229,3.67,0,18.89,0,4.65,0,0#
0,2232,3.67,0,19.60,0,2.91,0,0#
0,2235,3.09,0,18.53,0,4.65,0,0#
0,2238,2.51,0,20.11,0,4.07,0,0#
0,2241,4.18,0,18.28,0,5.23,0,0#
0,2244,4.18,0,18.13,0,5.23,0,0#
0,2247,3.60,0,17.52,0,4.65,0,0#
0,2250,2.51,0,17.27,0,4.65,0,0#
0,2252,3.09,0,19.14,0,5.81,0,0#
0,2255,3.34,0,20.36,0,6.39,0,0#
0,2258,2.76,0,17.92,0,7.55,0,0#
0,2264,3.67,0,19.14,0,5.81,0,0#
0,2267,4.76,0,17.41,0,7.55,0,0#
0,2271,3.60,0,19.24,0,4.65,0,0#
0,2274,1.93,0,16.91,0,2.32,0,0#
0,2277,4.51,0,18.13,0,5.81,0,0#
0,2280,3.60,0,18.89,0,4.65,0,0#
0,2282,3.02,0,17.41,0,6.39,0,0#
0,2285,4.25,0,20.97,0,5.23,0,0#
0,2288,3.02,0,16.91,0,6.39,0,0#
0,2291,2.59,0,17.77,0,4.65,0,0#
0,2294,2.69,0,17.77,0,5.81,0,0#
0,2297,3.09,0,19.39,0,5.23,0,0#
0,2300,4.43,0,18.38,0,6.39,0,0#
0,2303,3.67,0,18.28,0,5.81,0,0#
0,2306,1.93,0,19.50,0,7.55,0,0#
0,2320,3.02,0,18.89,0,5.81,0,0#
0,2323,3.42,0,19.50,0,7.55,0,0#
0,2326,3.34,0,18.89,0,5.23,0,0#
0,2328,4.93,0,16.55,0,4.65,0,0#
0,2331,3.42,0,17.77,0,5.23,0,0#
0,2334,4.43,0,17.41,0,4.07,0,0#
0,2337,4.76,0,17.27,0,5.23,0,0#
0,2340,4.76,0,18.53,0,6.39,0,0#
0,2343,4.83,0,18.89,0,5.23,0,0#
0,2346,2.43,0,17.41,0,5.23,0,0#
0,2349,2.26,0,17.52,0,5.81,0,0#
0,2352,2.18,0,17.41,0,6.39,0,0#
0,2356,1.93,0,17.41,0,3.49,0,0#
0,2359,4.51,0,18.63,0,5.23,0,0#
0,2362,3.60,0,16.80,0,5.81,0,0#
0,2365,3.85,0,19.14,0,3.49,0,0#
0,2371,3.93,0,19.75,0,5.81,0,0#
0,2374,3.34,0,17.41,0,6.97,0,0#
0,2376,4.43,0,17.52,0,5.81,0,0#
0,2379,3.34,0,18.63,0,5.81,0,0#
0,2382,3.42,0,18.89,0,4.65,0,0#
0,2385,3.60,0,17.77,0,5.23,0,0#
0,2388,3.93,0,19.50,0,4.07,0,0#
0,2391,3.42,0,18.63,0,6.97,0,0#
0,2394,3.34,0,18.02,0,4.07,0,0#
0,2397,2.18,0,17.27,0,5.23,0,0#
0,2401,2.51,0,17.77,0,5.81,0,0#
0,2404,4.25,0,17.77,0,4.65,0,0#
0,2407,3.60,0,19.75,0,7.55,0,0#
0,2410,1.93,0,18.63,0,5.81,0,0#
0,2413,3.85,0,17.67,0,4.07,0,0#
0,2418,5.84,0,18.02,0,6.39,0,0#
0,2421,3.85,0,15.83,0,4.65,0,0#
0,2424,2.59,0,16.80,0,5.81,0,0#
0,2427,2.51,0,18.99,0,6.39,0,0#
0,2430,4.76,0,18.13,0,4.07,0,0#
0,2433,2.26,0,18.99,0,5.23,0,0#
0,2436,3.09,0,18.28,0,6.97,0,0#
0,2439,4.51,0,19.24,0,5.23,0,0#
0,2443,1.93,0,17.77,0,5.81,0,0#
0,2446,3.60,0,17.31,0,4.65,0,0#
0,2449,2.51,0,19.50,0,6.39,0,0#
0,2451,2.26,0,18.28,0,5.81,0,0#
0,2454,2.84,0,18.63,0,5.23,0,0#
0,2457,2.51,0,18.53,0,6.39,0,0#
0,2460,2.51,0,17.16,0,4.65,0,0#
0,2463,3.85,0,18.74,0,4.65,0,0#
0,2469,2.76,0,19.86,0,4.65,0,0#
0,2472,2.18,0,18.28,0,5.23,0,0#
0,2475,2.51,0,20.72,0,6.97,0,0#
0,2478,2.51,0,19.86,0,7.55,0,0#
0,2480,2.84,0,18.02,0,5.81,0,0#
0,2484,3.85,0,19.75,0,5.81,0,0#
0,2487,3.34,0,19.14,0,5.81,0,0#
0,2490,3.85,0,18.99,0,5.81,0,0#
0,2493,4.18,0,18.38,0,4.65,0,0#
0,2496,2.76,0,18.63,0,6.39,0,0#
0,2499,3.02,0,17.41,0,4.07,0,0#
0,2502,2.26,0,17.16,0,5.23,0,0#
0,2505,5.92,0,18.63,0,4.07,0,0#
0,2508,4.00,0,16.55,0,5.81,0,0#
0,2511,1.93,0,17.77,0,5.23,0,0#
0,2516,3.27,0,18.89,0,5.81,0,0#
0,2519,3.93,0,18.28,0,5.81,0,0#
0,2522,2.59,0,18.38,0,6.97,0,0#
0,2525,4.18,0,18.38,0,6.39,0,0#
0,2529,4.83,0,17.41,0,4.65,0,0#
0,2532,3.34,0,17.77,0,5.81,0,0#
0,2535,3.02,0,17.77,0,4.07,0,0#
0,2538,2.84,0,16.91,0,4.65,0,0#
0,2541,4.68,0,17.27,0,4.65,0,0#
0,2544,2.51,0,18.28,0,5.23,0,0#
0,2547,4.18,0,16.80,0,5.81,0,0#
0,2550,4.51,0,19.14,0,5.23,0,0#
0,2553,3.34,0,15.79,0,6.97,0,0#
0,2556,2.51,0,17.56,0,5.23,0,0#
0,2558,4.25,0,20.11,0,6.97,0,0#
0,2561,6.50,0,18.63,0,5.23,0,0#
0,2567,2.76,0,17.41,0,6.39,0,0#
0,2571,4.51,0,18.13,0,5.23,0,0#
0,2574,4.00,0,16.19,0,6.39,0,0#
0,2577,3.42,0,18.28,0,4.65,0,0#
0,2580,3.02,0,19.75,0,8.72,0,0#
0,2583,4.51,0,18.24,0,5.81,0,0#
0,2586,2.76,0,17.56,0,5.23,0,0#
0,2588,1.75,0,18.13,0,5.23,0,0#
0,2591,3.93,0,15.94,0,5.81,0,0#
0,2594,3.27,0,18.02,0,5.23,0,0#
0,2597,2.51,0,17.05,0,6.39,0,0#
0,2600,3.09,0,18.63,0,4.65,0,0#
0,2603,3.09,0,17.41,0,5.81,0,0#
0,2606,3.34,0,17.41,0,6.39,0,0#
0,2609,4.43,0,17.92,0,5.23,0,0#
0,2616,1.68,0,17.67,0,5.23,0,0#
0,2618,3.27,0,17.16,0,4.65,0,0#
0,2621,3.17,0,19.14,0,5.23,0,0#
0,2624,2.84,0,17.88,0,5.23,0,0#
0,2627,2.51,0,19.39,0,4.65,0,0#
0,2630,4.18,0,18.53,0,5.81,0,0#
0,2633,4.18,0,17.81,0,6.39,0,0#
0,2636,3.34,0,18.63,0,2.91,0,0#
0,2639,1.93,0,17.16,0,5.81,0,0#
0,2642,3.93,0,17.67,0,3.49,0,0#
0,2645,3.60,0,16.55,0,5.23,0,0#
0,2648,3.85,0,19.75,0,7.55,0,0#
0,2651,3.09,0,17.67,0,5.23,0,0#
0,2655,3.34,0,17.41,0,5.23,0,0#
0,2658,2.18,0,17.16,0,5.81,0,0#
0,2661,4.51,0,17.16,0,2.91,0,0#
0,2666,2.84,0,17.77,0,5.81,0,0#
0,2669,3.60,0,17.88,0,5.81,0,0#
0,2672,3.85,0,16.91,0,4.65,0,0#
0,2675,4.00,0,19.50,0,4.65,0,0#
0,2678,3.34,0,19.10,0,6.97,0,0#
0,2681,2.18,0,17.41,0,7.55,0,0#
0,2684,1.68,0,16.80,0,6.97,0,0#
0,2687,4.43,0,19.35,0,5.81,0,0#
0,2689,3.50,0,18.28,0,5.81,0,0#
0,2692,4.43,0,16.91,0,6.39,0,0#
0,2695,2.51,0,18.02,0,5.81,0,0#
0,2699,3.34,0,16.80,0,4.65,0,0#
0,2702,2.84,0,17.41,0,3.49,0,0#
0,2705,2.69,0,19.50,0,5.23,0,0#
0,2708,5.01,0,20.61,0,4.07,0,0#
0,2714,3.60,0,17.77,0,6.39,0,0#
0,2716,3.34,0,18.28,0,4.65,0,0#
0,2719,2.59,0,17.52,0,4.07,0,0#
0,2722,3.60,0,19.14,0,5.23,0,0#
0,2725,3.67,0,19.75,0,6.97,0,0#
0,2728,2.26,0,18.74,0,5.23,0,0#
0,2731,4.00,0,19.10,0,5.81,0,0#
0,2734,3.93,0,17.41,0,8.13,0,0#
0,2737,1.68,0,16.91,0,4.65,0,0#
0,2741,3.52,0,18.63,0,5.81,0,0#
0,2744,3.02,0,18.53,0,7.55,0,0#
0,2747,2.51,0,16.66,0,6.39,0,0#
0,2750,2.08,0,17.77,0,5.23,0,0#
0,2753,3.09,0,20.47,0,4.07,0,0#
0,2756,2.51,0,18.53,0,5.23,0,0#
0,2759,3.52,0,16.40,0,5.81,0,0#
0,2764,2.84,0,18.63,0,6.97,0,0#
0,2767,2.51,0,19.75,0,7.55,0,0#
0,2770,3.34,0,19.50,0,5.23,0,0#
0,2773,3.93,0,18.63,0,4.07,0,0#
0,2776,1.93,0,18.99,0,4.07,0,0#
0,2779,4.68,0,15.94,0,4.07,0,0#
0,2783,4.25,0,18.02,0,4.65,0,0#
0,2786,3.34,0,18.02,0,5.23,0,0#
0,2789,2.59,0,18.53,0,4.65,0,0#
0,2792,5.34,0,20.11,0,5.23,0,0#
0,2795,3.17,0,18.38,0,4.07,0,0#
0,2798,4.51,0,18.63,0,4.07,0,0#
0,2801,2.18,0,18.02,0,5.81,0,0#
0,2803,3.02,0,19.60,0,6.39,0,0#
0,2806,2.51,0,16.55,0,5.81,0,0#
0,2812,4.25,0,18.99,0,4.65,0,0#
0,2815,3.93,0,16.91,0,3.49,0,0#
0,2818,3.93,0,18.02,0,5.23,0,0#
0,2821,2.43,0,19.14,0,5.81,0,0#
0,2824,3.67,0,18.89,0,6.39,0,0#
0,2828,3.93,0,18.28,0,4.07,0,0#
0,2831,3.02,0,15.33,0,4.07,0,0#
0,2833,3.09,0,18.89,0,5.23,0,0#
0,2836,2.51,0,19.14,0,5.81,0,0#
0,2839,3.60,0,16.91,0,5.81,0,0#
0,2842,2.69,0,18.13,0,8.13,0,0#
0,2845,4.18,0,19.24,0,7.55,0,0#
0,2848,5.16,0,19.86,0,2.91,0,0#
0,2851,2.43,0,17.52,0,5.81,0,0#
0,2854,3.67,0,17.05,0,4.65,0,0#
0,2857,2.76,0,17.77,0,5.23,0,0#
0,2863,3.93,0,18.38,0,8.13,0,0#
0,2865,2.18,0,18.13,0,5.23,0,0#
0,2869,2.26,0,18.63,0,5.23,0,0#
0,2872,3.67,0,17.41,0,5.23,0,0#
0,2875,4.51,0,18.63,0,4.07,0,0#
0,2878,2.76,0,17.01,0,4.65,0,0#
0,2881,4.83,0,18.02,0,5.23,0,0#
0,2884,4.10,0,19.24,0,4.65,0,0#
0,2887,3.09,0,18.78,0,4.07,0,0#
0,2890,3.09,0,18.02,0,3.49,0,0#
0,2893,3.27,0,16.05,0,5.81,0,0#
0,2896,1.43,0,19.50,0,5.23,0,0#
0,2899,3.93,0,18.63,0,5.81,0,0#
0,2902,5.01,0,17.88,0,4.65,0,0#
0,2905,2.43,0,18.28,0,7.55,0,0#
0,2911,3.17,0,17.67,0,5.81,0,0#
0,2914,4.25,0,17.41,0,5.81,0,0#
0,2917,3.02,0,17.52,0,5.81,0,0#
0,2920,2.51,0,18.74,0,4.07,0,0#
0,2923,3.85,0,19.75,0,5.81,0,0#
0,2926,3.42,0,18.89,0,6.97,0,0#
0,2929,5.01,0,17.77,0,5.23,0,0#
0,2932,4.25,0,19.86,0,5.23,0,0#
0,2935,2.43,0,18.02,0,5.81,0,0#
0,2938,4.76,0,18.02,0,5.81,0,0#
0,2940,2.26,0,17.27,0,4.65,0,0#
0,2943,2.18,0,17.52,0,4.07,0,0#
0,2946,3.09,0,18.02,0,5.81,0,0#
0,2949,2.69,0,18.99,0,4.65,0,0#
0,2952,2.84,0,18.63,0,29.63,0,0#
0,2956,3.60,0,17.27,0,5.81,0,0#
0,2962,5.77,0,17.88,0,5.81,0,0#
0,2965,4.93,0,18.38,0,5.23,0,0#
0,2968,3.85,0,17.67,0,4.65,0,0#
0,2970,4.43,0,16.91,0,4.07,0,0#
0,2973,3.85,0,19.86,0,6.97,0,0#
0,2976,6.10,0,18.49,0,5.81,0,0#
0,2979,2.18,0,17.52,0,4.07,0,0#
0,2982,2.84,0,18.38,0,7.55,0,0#
0,2985,3.75,0,18.53,0,5.23,0,0#
0,2988,4.43,0,18.02,0,6.97,0,0#
0,2991,2.43,0,17.41,0,4.07,0,0#
0,2994,4.76,0,18.38,0,5.23,0,0#
0,2998,2.26,0,19.24,0,4.65,0,0#
0,3001,5.19,0,15.69,0,5.81,0,0#
0,3004,2.94,0,19.60,0,2.91,0,0#
0,3009,2.43,0,17.52,0,5.23,0,0#
0,3012,4.18,0,16.66,0,5.23,0,0#
0,3015,3.27,0,17.27,0,7.55,0,0#
0,3018,3.52,0,19.14,0,5.23,0,0#
0,3021,6.02,0,19.50,0,4.07,0,0#
0,3024,4.43,0,19.14,0,5.23,0,0#
0,3027,4.68,0,18.38,0,4.07,0,0#
0,3030,4.93,0,16.19,0,5.81,0,0#
0,3033,3.52,0,17.52,0,5.81,0,0#
0,3036,4.35,0,18.28,0,3.49,0,0#
0,3040,2.69,0,18.63,0,4.65,0,0#
0,3043,2.43,0,18.89,0,5.81,0,0#
0,3046,3.52,0,17.77,0,5.81,0,0#
0,3049,4.25,0,16.80,0,4.07,0,0#
0,3051,4.10,0,19.24,0,4.07,0,0#
0,3054,4.43,0,17.01,0,5.23,0,0#
0,3060,4.25,0,20.00,0,5.23,0,0#
0,3063,3.85,0,17.77,0,4.65,0,0#
0,3066,2.51,0,19.14,0,5.81,0,0#
0,3069,5.01,0,17.77,0,2.91,0,0#
0,3072,3.60,0,18.02,0,5.23,0,0#
0,3075,4.10,0,19.14,0,4.07,0,0#
0,3077,5.51,0,17.88,0,4.65,0,0#
0,3080,4.18,0,17.52,0,6.97,0,0#
0,3084,2.94,0,17.77,0,6.39,0,0#
0,3087,3.85,0,18.02,0,5.81,0,0#
0,3090,4.68,0,18.89,0,5.81,0,0#
0,3093,2.94,0,16.91,0,4.65,0,0#
0,3096,2.76,0,17.16,0,5.23,0,0#
0,3099,4.43,0,20.97,0,5.81,0,0#
0,3102,3.02,0,16.91,0,4.07,0,0#
0,3107,4.18,0,18.28,0,5.23,0,0#
0,3110,3.93,0,19.86,0,6.39,0,0#
0,3113,3.02,0,18.28,0,6.97,0,0#
0,3116,3.77,0,18.63,0,5.81,0,0#
0,3119,4.18,0,17.52,0,5.81,0,0#
0,3122,3.27,0,17.41,0,5.81,0,0#
0,3126,2.94,0,18.02,0,5.23,0,0#
0,3129,4.93,0,18.89,0,4.07,0,0#
0,3132,4.51,0,18.49,0,5.81,0,0#
0,3135,4.25,0,17.77,0,6.39,0,0#
0,3138,3.02,0,18.63,0,4.07,0,0#
0,3141,3.19,0,19.10,0,3.49,0,0#
0,3144,5.01,0,19.24,0,3.49,0,0#
0,3147,5.26,0,19.60,0,6.97,0,0#
0,3150,2.43,0,16.30,0,5.81,0,0#
0,3152,4.18,0,17.67,0,8.13,0,0#
0,3159,4.43,0,18.89,0,5.23,0,0#
0,3162,4.68,0,17.63,0,5.23,0,0#
0,3165,3.95,0,18.63,0,5.81,0,0#
0,3168,5.01,0,18.49,0,2.91,0,0#
0,3171,1.68,0,19.60,0,4.07,0,0#
0,3174,3.60,0,19.39,0,6.39,0,0#
0,3177,3.93,0,17.05,0,4.65,0,0#
0,3180,4.35,0,18.28,0,6.39,0,0#
0,3183,4.43,0,17.16,0,4.07,0,0#
0,3186,2.94,0,18.99,0,5.23,0,0#
0,3189,3.27,0,17.52,0,5.23,0,0#
0,3192,3.85,0,18.28,0,5.23,0,0#
0,3195,3.34,0,18.13,0,5.81,0,0#
0,3198,4.83,0,16.80,0,6.39,0,0#
0,3201,4.18,0,18.17,0,6.39,0,0#
0,3206,4.10,0,17.67,0,5.81,0,0#
0,3210,4.35,0,17.77,0,4.65,0,0#
0,3213,3.60,0,18.28,0,5.81,0,0#
0,3216,2.18,0,18.89,0,5.81,0,0#
0,3219,2.18,0,18.99,0,5.81,0,0#
0,3222,4.68,0,17.52,0,5.81,0,0#
0,3225,3.02,0,17.16,0,5.81,0,0#
0,3228,3.52,0,18.28,0,4.65,0,0#
0,3231,4.18,0,17.16,0,6.97,0,0#
0,3234,2.76,0,18.02,0,4.65,0,0#
0,3236,3.60,0,19.50,0,5.81,0,0#
0,3239,4.68,0,18.38,0,5.23,0,0#
0,3242,4.10,0,19.86,0,5.81,0,0#
0,3245,4.25,0,19.24,0,6.39,0,0#
0,3248,2.43,0,17.77,0,4.07,0,0#
0,3252,4.76,0,18.28,0,5.81,0,0#
0,3257,3.27,0,18.63,0,6.97,0,0#
0,3260,4.43,0,17.77,0,4.07,0,0#
0,3263,3.09,0,18.02,0,6.39,0,0#
0,3266,4.43,0,20.36,0,6.39,0,0#
0,3269,3.25,0,17.16,0,5.23,0,0#
0,3272,3.93,0,17.16,0,6.97,0,0#
0,3275,2.18,0,18.74,0,5.23,0,0#
0,3278,1.93,0,16.80,0,6.39,0,0#
0,3281,3.93,0,18.74,0,4.07,0,0#
0,3284,3.34,0,20.36,0,6.39,0,0#
0,3287,3.67,0,17.52,0,5.81,0,0#
0,3290,3.67,0,18.99,0,6.39,0,0#
0,3293,5.67,0,17.52,0,5.81,0,0#
0,3297,3.34,0,18.02,0,6.97,0,0#
0,3300,5.34,0,19.75,0,4.65,0,0#
0,3305,3.34,0,19.14,0,5.81,0,0#
0,3308,1.93,0,18.02,0,5.81,0,0#
0,3311,3.67,0,18.38,0,5.81,0,0#
0,3314,3.60,0,18.02,0,2.91,0,0#
0,3317,2.76,0,18.28,0,4.65,0,0#
0,3320,5.42,0,19.35,0,6.39,0,0#
0,3322,2.26,0,19.50,0,4.07,0,0#
0,3325,3.67,0,18.89,0,5.81,0,0#
0,3328,3.52,0,19.14,0,5.23,0,0#
0,3331,2.18,0,18.02,0,5.81,0,0#
0,3334,3.02,0,17.67,0,4.65,0,0#
0,3338,2.94,0,20.11,0,7.55,0,0#
0,3341,3.42,0,19.39,0,7.55,0,0#
0,3344,3.60,0,16.30,0,4.07,0,0#
0,3347,3.60,0,18.02,0,7.55,0,0#
0,3350,4.43,0,18.38,0,6.97,0,0#
0,3355,2.76,0,19.50,0,6.97,0,0#
0,3358,3.34,0,18.28,0,4.07,0,0#
0,3361,4.43,0,18.38,0,6.39,0,0#
0,3364,3.60,0,17.27,0,5.81,0,0#
0,3367,2.69,0,19.24,0,5.23,0,0#
0,3370,2.76,0,18.53,0,4.65,0,0#
0,3373,2.18,0,17.05,0,5.81,0,0#
0,3376,3.34,0,18.02,0,6.39,0,0#
0,3380,3.67,0,19.86,0,5.23,0,0#
0,3383,2.94,0,18.28,0,6.39,0,0#
0,3386,3.67,0,19.50,0,7.55,0,0#
0,3388,4.83,0,20.11,0,5.23,0,0#
0,3391,2.76,0,16.40,0,5.81,0,0#
0,3394,2.51,0,18.99,0,4.07,0,0#
0,3397,4.76,0,15.69,0,5.23,0,0#
0,3403,2.08,0,18.63,0,8.13,0,0#
0,3406,5.01,0,16.66,0,5.23,0,0#
0,3408,2.76,0,17.41,0,6.97,0,0#
0,3411,3.02,0,19.39,0,5.23,0,0#
0,3414,5.59,0,19.86,0,5.23,0,0#
0,3417,4.51,0,16.70,0,5.23,0,0#
0,3420,3.27,0,18.63,0,3.49,0,0#
0,3424,2.51,0,18.63,0,4.07,0,0#
0,3427,2.43,0,18.38,0,5.81,0,0#
0,3430,1.93,0,17.05,0,5.81,0,0#
0,3433,2.51,0,19.24,0,4.65,0,0#
0,3436,2.51,0,17.77,0,4.07,0,0#
0,3439,1.68,0,17.77,0,5.81,0,0#
0,3442,3.52,0,18.78,0,4.65,0,0#
0,3445,3.42,0,18.02,0,4.65,0,0#
0,3448,3.93,0,16.91,0,4.65,0,0#
0,3453,4.25,0,16.70,0,5.81,0,0#
0,3456,2.43,0,18.02,0,8.13,0,0#
0,3459,3.34,0,17.41,0,5.81,0,0#
0,3462,3.02,0,19.86,0,4.65,0,0#
0,3466,3.60,0,17.41,0,4.65,0,0#
0,3469,2.94,0,17.77,0,6.39,0,0#
0,3472,4.18,0,18.89,0,4.65,0,0#
0,3475,2.84,0,17.67,0,6.97,0,0#
0,3477,4.18,0,17.16,0,2.91,0,0#
0,3480,5.26,0,17.27,0,4.65,0,0#
0,3483,4.76,0,17.52,0,6.39,0,0#
0,3486,3.34,0,19.24,0,4.65,0,0#
0,3489,1.93,0,18.02,0,8.13,0,0#
0,3492,3.09,0,16.80,0,6.39,0,0#
0,3495,3.60,0,18.24,0,5.23,0,0#
0,3500,1.68,0,19.75,0,7.55,0,0#
0,3503,2.26,0,17.52,0,5.23,0,0#
0,3506,2.84,0,18.38,0,5.23,0,0#
0,3510,3.09,0,18.02,0,5.81,0,0#
0,3513,2.59,0,18.13,0,5.81,0,0#
0,3516,3.34,0,16.09,0,5.23,0,0#
0,3519,4.18,0,17.77,0,5.23,0,0#
0,3522,3.34,0,20.61,0,3.49,0,0#
0,3525,2.01,0,19.24,0,5.81,0,0#
0,3528,3.93,0,18.74,0,4.07,0,0#
0,3531,4.51,0,16.91,0,4.65,0,0#
0,3534,3.85,0,17.77,0,4.65,0,0#
0,3537,3.93,0,20.25,0,5.81,0,0#
0,3539,3.09,0,16.44,0,2.91,0,0#
0,3542,3.34,0,17.41,0,5.81,0,0#
0,3545,3.17,0,17.67,0,8.72,0,0#
